FoamFile
{

format      ascii;
class       dictionary;
object      blockMeshDict;
}

convertToMeters 0.1;

vertices
(
    (0 0 0)
    (1 0 0)
    (2 0 0)
    (3 0 0)
    (4 0 0)
    (5 0 0)
    (6 0 0)
    (7 0 0)
    (8 0 0)
    (9 0 0)
    (0 1 0)
    (1 1 0)
    (2 1 0)
    (3 1 0)
    (4 1 0)
    (5 1 0)
    (6 1 0)
    (7 1 0)
    (8 1 0)
    (9 1 0)
    (0 2 0)
    (1 2 0)
    (2 2 0)
    (3 2 0)
    (4 2 0)
    (5 2 0)
    (6 2 0)
    (7 2 0)
    (8 2 0)
    (9 2 0)
    (0 3 0)
    (1 3 0)
    (2 3 0)
    (3 3 0)
    (4 3 0)
    (5 3 0)
    (6 3 0)
    (7 3 0)
    (8 3 0)
    (9 3 0)
    (0 4 0)
    (1 4 0)
    (2 4 0)
    (3 4 0)
    (4 4 0)
    (5 4 0)
    (6 4 0)
    (7 4 0)
    (8 4 0)
    (9 4 0)
    (0 5 0)
    (1 5 0)
    (2 5 0)
    (3 5 0)
    (4 5 0)
    (5 5 0)
    (6 5 0)
    (7 5 0)
    (8 5 0)
    (9 5 0)
    (0 6 0)
    (1 6 0)
    (2 6 0)
    (3 6 0)
    (4 6 0)
    (5 6 0)
    (6 6 0)
    (7 6 0)
    (8 6 0)
    (9 6 0)
    (0 7 0)
    (1 7 0)
    (2 7 0)
    (3 7 0)
    (4 7 0)
    (5 7 0)
    (6 7 0)
    (7 7 0)
    (8 7 0)
    (9 7 0)
    (0 8 0)
    (1 8 0)
    (2 8 0)
    (3 8 0)
    (4 8 0)
    (5 8 0)
    (6 8 0)
    (7 8 0)
    (8 8 0)
    (9 8 0)
    (0 9 0)
    (1 9 0)
    (2 9 0)
    (3 9 0)
    (4 9 0)
    (5 9 0)
    (6 9 0)
    (7 9 0)
    (8 9 0)
    (9 9 0)
    (0 0 1)
    (1 0 1)
    (2 0 1)
    (3 0 1)
    (4 0 1)
    (5 0 1)
    (6 0 1)
    (7 0 1)
    (8 0 1)
    (9 0 1)
    (0 1 1)
    (1 1 1)
    (2 1 1)
    (3 1 1)
    (4 1 1)
    (5 1 1)
    (6 1 1)
    (7 1 1)
    (8 1 1)
    (9 1 1)
    (0 2 1)
    (1 2 1)
    (2 2 1)
    (3 2 1)
    (4 2 1)
    (5 2 1)
    (6 2 1)
    (7 2 1)
    (8 2 1)
    (9 2 1)
    (0 3 1)
    (1 3 1)
    (2 3 1)
    (3 3 1)
    (4 3 1)
    (5 3 1)
    (6 3 1)
    (7 3 1)
    (8 3 1)
    (9 3 1)
    (0 4 1)
    (1 4 1)
    (2 4 1)
    (3 4 1)
    (4 4 1)
    (5 4 1)
    (6 4 1)
    (7 4 1)
    (8 4 1)
    (9 4 1)
    (0 5 1)
    (1 5 1)
    (2 5 1)
    (3 5 1)
    (4 5 1)
    (5 5 1)
    (6 5 1)
    (7 5 1)
    (8 5 1)
    (9 5 1)
    (0 6 1)
    (1 6 1)
    (2 6 1)
    (3 6 1)
    (4 6 1)
    (5 6 1)
    (6 6 1)
    (7 6 1)
    (8 6 1)
    (9 6 1)
    (0 7 1)
    (1 7 1)
    (2 7 1)
    (3 7 1)
    (4 7 1)
    (5 7 1)
    (6 7 1)
    (7 7 1)
    (8 7 1)
    (9 7 1)
    (0 8 1)
    (1 8 1)
    (2 8 1)
    (3 8 1)
    (4 8 1)
    (5 8 1)
    (6 8 1)
    (7 8 1)
    (8 8 1)
    (9 8 1)
    (0 9 1)
    (1 9 1)
    (2 9 1)
    (3 9 1)
    (4 9 1)
    (5 9 1)
    (6 9 1)
    (7 9 1)
    (8 9 1)
    (9 9 1)
    (0 0 2)
    (1 0 2)
    (2 0 2)
    (3 0 2)
    (4 0 2)
    (5 0 2)
    (6 0 2)
    (7 0 2)
    (8 0 2)
    (9 0 2)
    (0 1 2)
    (1 1 2)
    (2 1 2)
    (3 1 2)
    (4 1 2)
    (5 1 2)
    (6 1 2)
    (7 1 2)
    (8 1 2)
    (9 1 2)
    (0 2 2)
    (1 2 2)
    (2 2 2)
    (3 2 2)
    (4 2 2)
    (5 2 2)
    (6 2 2)
    (7 2 2)
    (8 2 2)
    (9 2 2)
    (0 3 2)
    (1 3 2)
    (2 3 2)
    (3 3 2)
    (4 3 2)
    (5 3 2)
    (6 3 2)
    (7 3 2)
    (8 3 2)
    (9 3 2)
    (0 4 2)
    (1 4 2)
    (2 4 2)
    (3 4 2)
    (4 4 2)
    (5 4 2)
    (6 4 2)
    (7 4 2)
    (8 4 2)
    (9 4 2)
    (0 5 2)
    (1 5 2)
    (2 5 2)
    (3 5 2)
    (4 5 2)
    (5 5 2)
    (6 5 2)
    (7 5 2)
    (8 5 2)
    (9 5 2)
    (0 6 2)
    (1 6 2)
    (2 6 2)
    (3 6 2)
    (4 6 2)
    (5 6 2)
    (6 6 2)
    (7 6 2)
    (8 6 2)
    (9 6 2)
    (0 7 2)
    (1 7 2)
    (2 7 2)
    (3 7 2)
    (4 7 2)
    (5 7 2)
    (6 7 2)
    (7 7 2)
    (8 7 2)
    (9 7 2)
    (0 8 2)
    (1 8 2)
    (2 8 2)
    (3 8 2)
    (4 8 2)
    (5 8 2)
    (6 8 2)
    (7 8 2)
    (8 8 2)
    (9 8 2)
    (0 9 2)
    (1 9 2)
    (2 9 2)
    (3 9 2)
    (4 9 2)
    (5 9 2)
    (6 9 2)
    (7 9 2)
    (8 9 2)
    (9 9 2)
    (0 0 3)
    (1 0 3)
    (2 0 3)
    (3 0 3)
    (4 0 3)
    (5 0 3)
    (6 0 3)
    (7 0 3)
    (8 0 3)
    (9 0 3)
    (0 1 3)
    (1 1 3)
    (2 1 3)
    (3 1 3)
    (4 1 3)
    (5 1 3)
    (6 1 3)
    (7 1 3)
    (8 1 3)
    (9 1 3)
    (0 2 3)
    (1 2 3)
    (2 2 3)
    (3 2 3)
    (4 2 3)
    (5 2 3)
    (6 2 3)
    (7 2 3)
    (8 2 3)
    (9 2 3)
    (0 3 3)
    (1 3 3)
    (2 3 3)
    (3 3 3)
    (4 3 3)
    (5 3 3)
    (6 3 3)
    (7 3 3)
    (8 3 3)
    (9 3 3)
    (0 4 3)
    (1 4 3)
    (2 4 3)
    (3 4 3)
    (4 4 3)
    (5 4 3)
    (6 4 3)
    (7 4 3)
    (8 4 3)
    (9 4 3)
    (0 5 3)
    (1 5 3)
    (2 5 3)
    (3 5 3)
    (4 5 3)
    (5 5 3)
    (6 5 3)
    (7 5 3)
    (8 5 3)
    (9 5 3)
    (0 6 3)
    (1 6 3)
    (2 6 3)
    (3 6 3)
    (4 6 3)
    (5 6 3)
    (6 6 3)
    (7 6 3)
    (8 6 3)
    (9 6 3)
    (0 7 3)
    (1 7 3)
    (2 7 3)
    (3 7 3)
    (4 7 3)
    (5 7 3)
    (6 7 3)
    (7 7 3)
    (8 7 3)
    (9 7 3)
    (0 8 3)
    (1 8 3)
    (2 8 3)
    (3 8 3)
    (4 8 3)
    (5 8 3)
    (6 8 3)
    (7 8 3)
    (8 8 3)
    (9 8 3)
    (0 9 3)
    (1 9 3)
    (2 9 3)
    (3 9 3)
    (4 9 3)
    (5 9 3)
    (6 9 3)
    (7 9 3)
    (8 9 3)
    (9 9 3)
    (0 0 4)
    (1 0 4)
    (2 0 4)
    (3 0 4)
    (4 0 4)
    (5 0 4)
    (6 0 4)
    (7 0 4)
    (8 0 4)
    (9 0 4)
    (0 1 4)
    (1 1 4)
    (2 1 4)
    (3 1 4)
    (4 1 4)
    (5 1 4)
    (6 1 4)
    (7 1 4)
    (8 1 4)
    (9 1 4)
    (0 2 4)
    (1 2 4)
    (2 2 4)
    (3 2 4)
    (4 2 4)
    (5 2 4)
    (6 2 4)
    (7 2 4)
    (8 2 4)
    (9 2 4)
    (0 3 4)
    (1 3 4)
    (2 3 4)
    (3 3 4)
    (4 3 4)
    (5 3 4)
    (6 3 4)
    (7 3 4)
    (8 3 4)
    (9 3 4)
    (0 4 4)
    (1 4 4)
    (2 4 4)
    (3 4 4)
    (4 4 4)
    (5 4 4)
    (6 4 4)
    (7 4 4)
    (8 4 4)
    (9 4 4)
    (0 5 4)
    (1 5 4)
    (2 5 4)
    (3 5 4)
    (4 5 4)
    (5 5 4)
    (6 5 4)
    (7 5 4)
    (8 5 4)
    (9 5 4)
    (0 6 4)
    (1 6 4)
    (2 6 4)
    (3 6 4)
    (4 6 4)
    (5 6 4)
    (6 6 4)
    (7 6 4)
    (8 6 4)
    (9 6 4)
    (0 7 4)
    (1 7 4)
    (2 7 4)
    (3 7 4)
    (4 7 4)
    (5 7 4)
    (6 7 4)
    (7 7 4)
    (8 7 4)
    (9 7 4)
    (0 8 4)
    (1 8 4)
    (2 8 4)
    (3 8 4)
    (4 8 4)
    (5 8 4)
    (6 8 4)
    (7 8 4)
    (8 8 4)
    (9 8 4)
    (0 9 4)
    (1 9 4)
    (2 9 4)
    (3 9 4)
    (4 9 4)
    (5 9 4)
    (6 9 4)
    (7 9 4)
    (8 9 4)
    (9 9 4)
    (0 0 5)
    (1 0 5)
    (2 0 5)
    (3 0 5)
    (4 0 5)
    (5 0 5)
    (6 0 5)
    (7 0 5)
    (8 0 5)
    (9 0 5)
    (0 1 5)
    (1 1 5)
    (2 1 5)
    (3 1 5)
    (4 1 5)
    (5 1 5)
    (6 1 5)
    (7 1 5)
    (8 1 5)
    (9 1 5)
    (0 2 5)
    (1 2 5)
    (2 2 5)
    (3 2 5)
    (4 2 5)
    (5 2 5)
    (6 2 5)
    (7 2 5)
    (8 2 5)
    (9 2 5)
    (0 3 5)
    (1 3 5)
    (2 3 5)
    (3 3 5)
    (4 3 5)
    (5 3 5)
    (6 3 5)
    (7 3 5)
    (8 3 5)
    (9 3 5)
    (0 4 5)
    (1 4 5)
    (2 4 5)
    (3 4 5)
    (4 4 5)
    (5 4 5)
    (6 4 5)
    (7 4 5)
    (8 4 5)
    (9 4 5)
    (0 5 5)
    (1 5 5)
    (2 5 5)
    (3 5 5)
    (4 5 5)
    (5 5 5)
    (6 5 5)
    (7 5 5)
    (8 5 5)
    (9 5 5)
    (0 6 5)
    (1 6 5)
    (2 6 5)
    (3 6 5)
    (4 6 5)
    (5 6 5)
    (6 6 5)
    (7 6 5)
    (8 6 5)
    (9 6 5)
    (0 7 5)
    (1 7 5)
    (2 7 5)
    (3 7 5)
    (4 7 5)
    (5 7 5)
    (6 7 5)
    (7 7 5)
    (8 7 5)
    (9 7 5)
    (0 8 5)
    (1 8 5)
    (2 8 5)
    (3 8 5)
    (4 8 5)
    (5 8 5)
    (6 8 5)
    (7 8 5)
    (8 8 5)
    (9 8 5)
    (0 9 5)
    (1 9 5)
    (2 9 5)
    (3 9 5)
    (4 9 5)
    (5 9 5)
    (6 9 5)
    (7 9 5)
    (8 9 5)
    (9 9 5)
    (0 0 6)
    (1 0 6)
    (2 0 6)
    (3 0 6)
    (4 0 6)
    (5 0 6)
    (6 0 6)
    (7 0 6)
    (8 0 6)
    (9 0 6)
    (0 1 6)
    (1 1 6)
    (2 1 6)
    (3 1 6)
    (4 1 6)
    (5 1 6)
    (6 1 6)
    (7 1 6)
    (8 1 6)
    (9 1 6)
    (0 2 6)
    (1 2 6)
    (2 2 6)
    (3 2 6)
    (4 2 6)
    (5 2 6)
    (6 2 6)
    (7 2 6)
    (8 2 6)
    (9 2 6)
    (0 3 6)
    (1 3 6)
    (2 3 6)
    (3 3 6)
    (4 3 6)
    (5 3 6)
    (6 3 6)
    (7 3 6)
    (8 3 6)
    (9 3 6)
    (0 4 6)
    (1 4 6)
    (2 4 6)
    (3 4 6)
    (4 4 6)
    (5 4 6)
    (6 4 6)
    (7 4 6)
    (8 4 6)
    (9 4 6)
    (0 5 6)
    (1 5 6)
    (2 5 6)
    (3 5 6)
    (4 5 6)
    (5 5 6)
    (6 5 6)
    (7 5 6)
    (8 5 6)
    (9 5 6)
    (0 6 6)
    (1 6 6)
    (2 6 6)
    (3 6 6)
    (4 6 6)
    (5 6 6)
    (6 6 6)
    (7 6 6)
    (8 6 6)
    (9 6 6)
    (0 7 6)
    (1 7 6)
    (2 7 6)
    (3 7 6)
    (4 7 6)
    (5 7 6)
    (6 7 6)
    (7 7 6)
    (8 7 6)
    (9 7 6)
    (0 8 6)
    (1 8 6)
    (2 8 6)
    (3 8 6)
    (4 8 6)
    (5 8 6)
    (6 8 6)
    (7 8 6)
    (8 8 6)
    (9 8 6)
    (0 9 6)
    (1 9 6)
    (2 9 6)
    (3 9 6)
    (4 9 6)
    (5 9 6)
    (6 9 6)
    (7 9 6)
    (8 9 6)
    (9 9 6)
    (0 0 7)
    (1 0 7)
    (2 0 7)
    (3 0 7)
    (4 0 7)
    (5 0 7)
    (6 0 7)
    (7 0 7)
    (8 0 7)
    (9 0 7)
    (0 1 7)
    (1 1 7)
    (2 1 7)
    (3 1 7)
    (4 1 7)
    (5 1 7)
    (6 1 7)
    (7 1 7)
    (8 1 7)
    (9 1 7)
    (0 2 7)
    (1 2 7)
    (2 2 7)
    (3 2 7)
    (4 2 7)
    (5 2 7)
    (6 2 7)
    (7 2 7)
    (8 2 7)
    (9 2 7)
    (0 3 7)
    (1 3 7)
    (2 3 7)
    (3 3 7)
    (4 3 7)
    (5 3 7)
    (6 3 7)
    (7 3 7)
    (8 3 7)
    (9 3 7)
    (0 4 7)
    (1 4 7)
    (2 4 7)
    (3 4 7)
    (4 4 7)
    (5 4 7)
    (6 4 7)
    (7 4 7)
    (8 4 7)
    (9 4 7)
    (0 5 7)
    (1 5 7)
    (2 5 7)
    (3 5 7)
    (4 5 7)
    (5 5 7)
    (6 5 7)
    (7 5 7)
    (8 5 7)
    (9 5 7)
    (0 6 7)
    (1 6 7)
    (2 6 7)
    (3 6 7)
    (4 6 7)
    (5 6 7)
    (6 6 7)
    (7 6 7)
    (8 6 7)
    (9 6 7)
    (0 7 7)
    (1 7 7)
    (2 7 7)
    (3 7 7)
    (4 7 7)
    (5 7 7)
    (6 7 7)
    (7 7 7)
    (8 7 7)
    (9 7 7)
    (0 8 7)
    (1 8 7)
    (2 8 7)
    (3 8 7)
    (4 8 7)
    (5 8 7)
    (6 8 7)
    (7 8 7)
    (8 8 7)
    (9 8 7)
    (0 9 7)
    (1 9 7)
    (2 9 7)
    (3 9 7)
    (4 9 7)
    (5 9 7)
    (6 9 7)
    (7 9 7)
    (8 9 7)
    (9 9 7)
    (0 0 8)
    (1 0 8)
    (2 0 8)
    (3 0 8)
    (4 0 8)
    (5 0 8)
    (6 0 8)
    (7 0 8)
    (8 0 8)
    (9 0 8)
    (0 1 8)
    (1 1 8)
    (2 1 8)
    (3 1 8)
    (4 1 8)
    (5 1 8)
    (6 1 8)
    (7 1 8)
    (8 1 8)
    (9 1 8)
    (0 2 8)
    (1 2 8)
    (2 2 8)
    (3 2 8)
    (4 2 8)
    (5 2 8)
    (6 2 8)
    (7 2 8)
    (8 2 8)
    (9 2 8)
    (0 3 8)
    (1 3 8)
    (2 3 8)
    (3 3 8)
    (4 3 8)
    (5 3 8)
    (6 3 8)
    (7 3 8)
    (8 3 8)
    (9 3 8)
    (0 4 8)
    (1 4 8)
    (2 4 8)
    (3 4 8)
    (4 4 8)
    (5 4 8)
    (6 4 8)
    (7 4 8)
    (8 4 8)
    (9 4 8)
    (0 5 8)
    (1 5 8)
    (2 5 8)
    (3 5 8)
    (4 5 8)
    (5 5 8)
    (6 5 8)
    (7 5 8)
    (8 5 8)
    (9 5 8)
    (0 6 8)
    (1 6 8)
    (2 6 8)
    (3 6 8)
    (4 6 8)
    (5 6 8)
    (6 6 8)
    (7 6 8)
    (8 6 8)
    (9 6 8)
    (0 7 8)
    (1 7 8)
    (2 7 8)
    (3 7 8)
    (4 7 8)
    (5 7 8)
    (6 7 8)
    (7 7 8)
    (8 7 8)
    (9 7 8)
    (0 8 8)
    (1 8 8)
    (2 8 8)
    (3 8 8)
    (4 8 8)
    (5 8 8)
    (6 8 8)
    (7 8 8)
    (8 8 8)
    (9 8 8)
    (0 9 8)
    (1 9 8)
    (2 9 8)
    (3 9 8)
    (4 9 8)
    (5 9 8)
    (6 9 8)
    (7 9 8)
    (8 9 8)
    (9 9 8)
    (0 0 9)
    (1 0 9)
    (2 0 9)
    (3 0 9)
    (4 0 9)
    (5 0 9)
    (6 0 9)
    (7 0 9)
    (8 0 9)
    (9 0 9)
    (0 1 9)
    (1 1 9)
    (2 1 9)
    (3 1 9)
    (4 1 9)
    (5 1 9)
    (6 1 9)
    (7 1 9)
    (8 1 9)
    (9 1 9)
    (0 2 9)
    (1 2 9)
    (2 2 9)
    (3 2 9)
    (4 2 9)
    (5 2 9)
    (6 2 9)
    (7 2 9)
    (8 2 9)
    (9 2 9)
    (0 3 9)
    (1 3 9)
    (2 3 9)
    (3 3 9)
    (4 3 9)
    (5 3 9)
    (6 3 9)
    (7 3 9)
    (8 3 9)
    (9 3 9)
    (0 4 9)
    (1 4 9)
    (2 4 9)
    (3 4 9)
    (4 4 9)
    (5 4 9)
    (6 4 9)
    (7 4 9)
    (8 4 9)
    (9 4 9)
    (0 5 9)
    (1 5 9)
    (2 5 9)
    (3 5 9)
    (4 5 9)
    (5 5 9)
    (6 5 9)
    (7 5 9)
    (8 5 9)
    (9 5 9)
    (0 6 9)
    (1 6 9)
    (2 6 9)
    (3 6 9)
    (4 6 9)
    (5 6 9)
    (6 6 9)
    (7 6 9)
    (8 6 9)
    (9 6 9)
    (0 7 9)
    (1 7 9)
    (2 7 9)
    (3 7 9)
    (4 7 9)
    (5 7 9)
    (6 7 9)
    (7 7 9)
    (8 7 9)
    (9 7 9)
    (0 8 9)
    (1 8 9)
    (2 8 9)
    (3 8 9)
    (4 8 9)
    (5 8 9)
    (6 8 9)
    (7 8 9)
    (8 8 9)
    (9 8 9)
    (0 9 9)
    (1 9 9)
    (2 9 9)
    (3 9 9)
    (4 9 9)
    (5 9 9)
    (6 9 9)
    (7 9 9)
    (8 9 9)
    (9 9 9)
);

blocks
(
    hex (0 1 11 10 100 101 111 110)
    (1 1 1)
    simpleGrading (10 1 1)

    hex (1 2 12 11 101 102 112 111)
    (1 1 1)
    simpleGrading (10 1 1)

    hex (2 3 13 12 102 103 113 112)
    (1 1 1)
    simpleGrading (10 1 1)

    hex (3 4 14 13 103 104 114 113)
    (1 1 1)
    simpleGrading (10 1 1)

    hex (4 5 15 14 104 105 115 114)
    (1 1 1)
    simpleGrading (10 1 1)

    hex (5 6 16 15 105 106 116 115)
    (1 1 1)
    simpleGrading (10 1 1)

    hex (6 7 17 16 106 107 117 116)
    (1 1 1)
    simpleGrading (10 1 1)

    hex (7 8 18 17 107 108 118 117)
    (1 1 1)
    simpleGrading (10 1 1)

    hex (8 9 19 18 108 109 119 118)
    (1 1 1)
    simpleGrading (10 1 1)

    hex (10 11 21 20 110 111 121 120)
    (1 1 1)
    simpleGrading (10 1 1)

    hex (11 12 22 21 111 112 122 121)
    (1 1 1)
    simpleGrading (10 1 1)

    hex (12 13 23 22 112 113 123 122)
    (1 1 1)
    simpleGrading (10 1 1)

    hex (13 14 24 23 113 114 124 123)
    (1 1 1)
    simpleGrading (10 1 1)

    hex (14 15 25 24 114 115 125 124)
    (1 1 1)
    simpleGrading (10 1 1)

    hex (15 16 26 25 115 116 126 125)
    (1 1 1)
    simpleGrading (10 1 1)

    hex (16 17 27 26 116 117 127 126)
    (1 1 1)
    simpleGrading (10 1 1)

    hex (17 18 28 27 117 118 128 127)
    (1 1 1)
    simpleGrading (10 1 1)

    hex (18 19 29 28 118 119 129 128)
    (1 1 1)
    simpleGrading (10 1 1)

    hex (20 21 31 30 120 121 131 130)
    (1 1 1)
    simpleGrading (10 1 1)

    hex (21 22 32 31 121 122 132 131)
    (1 1 1)
    simpleGrading (10 1 1)

    hex (22 23 33 32 122 123 133 132)
    (1 1 1)
    simpleGrading (10 1 1)

    hex (23 24 34 33 123 124 134 133)
    (1 1 1)
    simpleGrading (10 1 1)

    hex (24 25 35 34 124 125 135 134)
    (1 1 1)
    simpleGrading (10 1 1)

    hex (25 26 36 35 125 126 136 135)
    (1 1 1)
    simpleGrading (10 1 1)

    hex (26 27 37 36 126 127 137 136)
    (1 1 1)
    simpleGrading (10 1 1)

    hex (27 28 38 37 127 128 138 137)
    (1 1 1)
    simpleGrading (10 1 1)

    hex (28 29 39 38 128 129 139 138)
    (1 1 1)
    simpleGrading (10 1 1)

    hex (30 31 41 40 130 131 141 140)
    (1 1 1)
    simpleGrading (10 1 1)

    hex (31 32 42 41 131 132 142 141)
    (1 1 1)
    simpleGrading (10 1 1)

    hex (32 33 43 42 132 133 143 142)
    (1 1 1)
    simpleGrading (10 1 1)

    hex (33 34 44 43 133 134 144 143)
    (1 1 1)
    simpleGrading (10 1 1)

    hex (34 35 45 44 134 135 145 144)
    (1 1 1)
    simpleGrading (10 1 1)

    hex (35 36 46 45 135 136 146 145)
    (1 1 1)
    simpleGrading (10 1 1)

    hex (36 37 47 46 136 137 147 146)
    (1 1 1)
    simpleGrading (10 1 1)

    hex (37 38 48 47 137 138 148 147)
    (1 1 1)
    simpleGrading (10 1 1)

    hex (38 39 49 48 138 139 149 148)
    (1 1 1)
    simpleGrading (10 1 1)

    hex (40 41 51 50 140 141 151 150)
    (1 1 1)
    simpleGrading (10 1 1)

    hex (41 42 52 51 141 142 152 151)
    (1 1 1)
    simpleGrading (10 1 1)

    hex (42 43 53 52 142 143 153 152)
    (1 1 1)
    simpleGrading (10 1 1)

    hex (43 44 54 53 143 144 154 153)
    (1 1 1)
    simpleGrading (10 1 1)

    hex (44 45 55 54 144 145 155 154)
    (1 1 1)
    simpleGrading (10 1 1)

    hex (45 46 56 55 145 146 156 155)
    (1 1 1)
    simpleGrading (10 1 1)

    hex (46 47 57 56 146 147 157 156)
    (1 1 1)
    simpleGrading (10 1 1)

    hex (47 48 58 57 147 148 158 157)
    (1 1 1)
    simpleGrading (10 1 1)

    hex (48 49 59 58 148 149 159 158)
    (1 1 1)
    simpleGrading (10 1 1)

    hex (50 51 61 60 150 151 161 160)
    (1 1 1)
    simpleGrading (10 1 1)

    hex (51 52 62 61 151 152 162 161)
    (1 1 1)
    simpleGrading (10 1 1)

    hex (52 53 63 62 152 153 163 162)
    (1 1 1)
    simpleGrading (10 1 1)

    hex (53 54 64 63 153 154 164 163)
    (1 1 1)
    simpleGrading (10 1 1)

    hex (54 55 65 64 154 155 165 164)
    (1 1 1)
    simpleGrading (10 1 1)

    hex (55 56 66 65 155 156 166 165)
    (1 1 1)
    simpleGrading (10 1 1)

    hex (56 57 67 66 156 157 167 166)
    (1 1 1)
    simpleGrading (10 1 1)

    hex (57 58 68 67 157 158 168 167)
    (1 1 1)
    simpleGrading (10 1 1)

    hex (58 59 69 68 158 159 169 168)
    (1 1 1)
    simpleGrading (10 1 1)

    hex (60 61 71 70 160 161 171 170)
    (1 1 1)
    simpleGrading (10 1 1)

    hex (61 62 72 71 161 162 172 171)
    (1 1 1)
    simpleGrading (10 1 1)

    hex (62 63 73 72 162 163 173 172)
    (1 1 1)
    simpleGrading (10 1 1)

    hex (63 64 74 73 163 164 174 173)
    (1 1 1)
    simpleGrading (10 1 1)

    hex (64 65 75 74 164 165 175 174)
    (1 1 1)
    simpleGrading (10 1 1)

    hex (65 66 76 75 165 166 176 175)
    (1 1 1)
    simpleGrading (10 1 1)

    hex (66 67 77 76 166 167 177 176)
    (1 1 1)
    simpleGrading (10 1 1)

    hex (67 68 78 77 167 168 178 177)
    (1 1 1)
    simpleGrading (10 1 1)

    hex (68 69 79 78 168 169 179 178)
    (1 1 1)
    simpleGrading (10 1 1)

    hex (70 71 81 80 170 171 181 180)
    (1 1 1)
    simpleGrading (10 1 1)

    hex (71 72 82 81 171 172 182 181)
    (1 1 1)
    simpleGrading (10 1 1)

    hex (72 73 83 82 172 173 183 182)
    (1 1 1)
    simpleGrading (10 1 1)

    hex (73 74 84 83 173 174 184 183)
    (1 1 1)
    simpleGrading (10 1 1)

    hex (74 75 85 84 174 175 185 184)
    (1 1 1)
    simpleGrading (10 1 1)

    hex (75 76 86 85 175 176 186 185)
    (1 1 1)
    simpleGrading (10 1 1)

    hex (76 77 87 86 176 177 187 186)
    (1 1 1)
    simpleGrading (10 1 1)

    hex (77 78 88 87 177 178 188 187)
    (1 1 1)
    simpleGrading (10 1 1)

    hex (78 79 89 88 178 179 189 188)
    (1 1 1)
    simpleGrading (10 1 1)

    hex (80 81 91 90 180 181 191 190)
    (1 1 1)
    simpleGrading (10 1 1)

    hex (81 82 92 91 181 182 192 191)
    (1 1 1)
    simpleGrading (10 1 1)

    hex (82 83 93 92 182 183 193 192)
    (1 1 1)
    simpleGrading (10 1 1)

    hex (83 84 94 93 183 184 194 193)
    (1 1 1)
    simpleGrading (10 1 1)

    hex (84 85 95 94 184 185 195 194)
    (1 1 1)
    simpleGrading (10 1 1)

    hex (85 86 96 95 185 186 196 195)
    (1 1 1)
    simpleGrading (10 1 1)

    hex (86 87 97 96 186 187 197 196)
    (1 1 1)
    simpleGrading (10 1 1)

    hex (87 88 98 97 187 188 198 197)
    (1 1 1)
    simpleGrading (10 1 1)

    hex (88 89 99 98 188 189 199 198)
    (1 1 1)
    simpleGrading (10 1 1)

    hex (100 101 111 110 200 201 211 210)
    (1 1 1)
    simpleGrading (10 1 1)

    hex (101 102 112 111 201 202 212 211)
    (1 1 1)
    simpleGrading (10 1 1)

    hex (102 103 113 112 202 203 213 212)
    (1 1 1)
    simpleGrading (10 1 1)

    hex (103 104 114 113 203 204 214 213)
    (1 1 1)
    simpleGrading (10 1 1)

    hex (104 105 115 114 204 205 215 214)
    (1 1 1)
    simpleGrading (10 1 1)

    hex (105 106 116 115 205 206 216 215)
    (1 1 1)
    simpleGrading (10 1 1)

    hex (106 107 117 116 206 207 217 216)
    (1 1 1)
    simpleGrading (10 1 1)

    hex (107 108 118 117 207 208 218 217)
    (1 1 1)
    simpleGrading (10 1 1)

    hex (108 109 119 118 208 209 219 218)
    (1 1 1)
    simpleGrading (10 1 1)

    hex (110 111 121 120 210 211 221 220)
    (1 1 1)
    simpleGrading (10 1 1)

    hex (111 112 122 121 211 212 222 221)
    (1 1 1)
    simpleGrading (10 1 1)

    hex (112 113 123 122 212 213 223 222)
    (1 1 1)
    simpleGrading (10 1 1)

    hex (113 114 124 123 213 214 224 223)
    (1 1 1)
    simpleGrading (10 1 1)

    hex (114 115 125 124 214 215 225 224)
    (1 1 1)
    simpleGrading (10 1 1)

    hex (115 116 126 125 215 216 226 225)
    (1 1 1)
    simpleGrading (10 1 1)

    hex (116 117 127 126 216 217 227 226)
    (1 1 1)
    simpleGrading (10 1 1)

    hex (117 118 128 127 217 218 228 227)
    (1 1 1)
    simpleGrading (10 1 1)

    hex (118 119 129 128 218 219 229 228)
    (1 1 1)
    simpleGrading (10 1 1)

    hex (120 121 131 130 220 221 231 230)
    (1 1 1)
    simpleGrading (10 1 1)

    hex (121 122 132 131 221 222 232 231)
    (1 1 1)
    simpleGrading (10 1 1)

    hex (122 123 133 132 222 223 233 232)
    (1 1 1)
    simpleGrading (10 1 1)

    hex (123 124 134 133 223 224 234 233)
    (1 1 1)
    simpleGrading (10 1 1)

    hex (124 125 135 134 224 225 235 234)
    (1 1 1)
    simpleGrading (10 1 1)

    hex (125 126 136 135 225 226 236 235)
    (1 1 1)
    simpleGrading (10 1 1)

    hex (126 127 137 136 226 227 237 236)
    (1 1 1)
    simpleGrading (10 1 1)

    hex (127 128 138 137 227 228 238 237)
    (1 1 1)
    simpleGrading (10 1 1)

    hex (128 129 139 138 228 229 239 238)
    (1 1 1)
    simpleGrading (10 1 1)

    hex (130 131 141 140 230 231 241 240)
    (1 1 1)
    simpleGrading (10 1 1)

    hex (131 132 142 141 231 232 242 241)
    (1 1 1)
    simpleGrading (10 1 1)

    hex (132 133 143 142 232 233 243 242)
    (1 1 1)
    simpleGrading (10 1 1)

    hex (133 134 144 143 233 234 244 243)
    (1 1 1)
    simpleGrading (10 1 1)

    hex (134 135 145 144 234 235 245 244)
    (1 1 1)
    simpleGrading (10 1 1)

    hex (135 136 146 145 235 236 246 245)
    (1 1 1)
    simpleGrading (10 1 1)

    hex (136 137 147 146 236 237 247 246)
    (1 1 1)
    simpleGrading (10 1 1)

    hex (137 138 148 147 237 238 248 247)
    (1 1 1)
    simpleGrading (10 1 1)

    hex (138 139 149 148 238 239 249 248)
    (1 1 1)
    simpleGrading (10 1 1)

    hex (140 141 151 150 240 241 251 250)
    (1 1 1)
    simpleGrading (10 1 1)

    hex (141 142 152 151 241 242 252 251)
    (1 1 1)
    simpleGrading (10 1 1)

    hex (142 143 153 152 242 243 253 252)
    (1 1 1)
    simpleGrading (10 1 1)

    hex (143 144 154 153 243 244 254 253)
    (1 1 1)
    simpleGrading (10 1 1)

    hex (144 145 155 154 244 245 255 254)
    (1 1 1)
    simpleGrading (10 1 1)

    hex (145 146 156 155 245 246 256 255)
    (1 1 1)
    simpleGrading (10 1 1)

    hex (146 147 157 156 246 247 257 256)
    (1 1 1)
    simpleGrading (10 1 1)

    hex (147 148 158 157 247 248 258 257)
    (1 1 1)
    simpleGrading (10 1 1)

    hex (148 149 159 158 248 249 259 258)
    (1 1 1)
    simpleGrading (10 1 1)

    hex (150 151 161 160 250 251 261 260)
    (1 1 1)
    simpleGrading (10 1 1)

    hex (151 152 162 161 251 252 262 261)
    (1 1 1)
    simpleGrading (10 1 1)

    hex (152 153 163 162 252 253 263 262)
    (1 1 1)
    simpleGrading (10 1 1)

    hex (153 154 164 163 253 254 264 263)
    (1 1 1)
    simpleGrading (10 1 1)

    hex (154 155 165 164 254 255 265 264)
    (1 1 1)
    simpleGrading (10 1 1)

    hex (155 156 166 165 255 256 266 265)
    (1 1 1)
    simpleGrading (10 1 1)

    hex (156 157 167 166 256 257 267 266)
    (1 1 1)
    simpleGrading (10 1 1)

    hex (157 158 168 167 257 258 268 267)
    (1 1 1)
    simpleGrading (10 1 1)

    hex (158 159 169 168 258 259 269 268)
    (1 1 1)
    simpleGrading (10 1 1)

    hex (160 161 171 170 260 261 271 270)
    (1 1 1)
    simpleGrading (10 1 1)

    hex (161 162 172 171 261 262 272 271)
    (1 1 1)
    simpleGrading (10 1 1)

    hex (162 163 173 172 262 263 273 272)
    (1 1 1)
    simpleGrading (10 1 1)

    hex (163 164 174 173 263 264 274 273)
    (1 1 1)
    simpleGrading (10 1 1)

    hex (164 165 175 174 264 265 275 274)
    (1 1 1)
    simpleGrading (10 1 1)

    hex (165 166 176 175 265 266 276 275)
    (1 1 1)
    simpleGrading (10 1 1)

    hex (166 167 177 176 266 267 277 276)
    (1 1 1)
    simpleGrading (10 1 1)

    hex (167 168 178 177 267 268 278 277)
    (1 1 1)
    simpleGrading (10 1 1)

    hex (168 169 179 178 268 269 279 278)
    (1 1 1)
    simpleGrading (10 1 1)

    hex (170 171 181 180 270 271 281 280)
    (1 1 1)
    simpleGrading (10 1 1)

    hex (171 172 182 181 271 272 282 281)
    (1 1 1)
    simpleGrading (10 1 1)

    hex (172 173 183 182 272 273 283 282)
    (1 1 1)
    simpleGrading (10 1 1)

    hex (173 174 184 183 273 274 284 283)
    (1 1 1)
    simpleGrading (10 1 1)

    hex (174 175 185 184 274 275 285 284)
    (1 1 1)
    simpleGrading (10 1 1)

    hex (175 176 186 185 275 276 286 285)
    (1 1 1)
    simpleGrading (10 1 1)

    hex (176 177 187 186 276 277 287 286)
    (1 1 1)
    simpleGrading (10 1 1)

    hex (177 178 188 187 277 278 288 287)
    (1 1 1)
    simpleGrading (10 1 1)

    hex (178 179 189 188 278 279 289 288)
    (1 1 1)
    simpleGrading (10 1 1)

    hex (180 181 191 190 280 281 291 290)
    (1 1 1)
    simpleGrading (10 1 1)

    hex (181 182 192 191 281 282 292 291)
    (1 1 1)
    simpleGrading (10 1 1)

    hex (182 183 193 192 282 283 293 292)
    (1 1 1)
    simpleGrading (10 1 1)

    hex (183 184 194 193 283 284 294 293)
    (1 1 1)
    simpleGrading (10 1 1)

    hex (184 185 195 194 284 285 295 294)
    (1 1 1)
    simpleGrading (10 1 1)

    hex (185 186 196 195 285 286 296 295)
    (1 1 1)
    simpleGrading (10 1 1)

    hex (186 187 197 196 286 287 297 296)
    (1 1 1)
    simpleGrading (10 1 1)

    hex (187 188 198 197 287 288 298 297)
    (1 1 1)
    simpleGrading (10 1 1)

    hex (188 189 199 198 288 289 299 298)
    (1 1 1)
    simpleGrading (10 1 1)

    hex (200 201 211 210 300 301 311 310)
    (1 1 1)
    simpleGrading (10 1 1)

    hex (201 202 212 211 301 302 312 311)
    (1 1 1)
    simpleGrading (10 1 1)

    hex (202 203 213 212 302 303 313 312)
    (1 1 1)
    simpleGrading (10 1 1)

    hex (203 204 214 213 303 304 314 313)
    (1 1 1)
    simpleGrading (10 1 1)

    hex (204 205 215 214 304 305 315 314)
    (1 1 1)
    simpleGrading (10 1 1)

    hex (205 206 216 215 305 306 316 315)
    (1 1 1)
    simpleGrading (10 1 1)

    hex (206 207 217 216 306 307 317 316)
    (1 1 1)
    simpleGrading (10 1 1)

    hex (207 208 218 217 307 308 318 317)
    (1 1 1)
    simpleGrading (10 1 1)

    hex (208 209 219 218 308 309 319 318)
    (1 1 1)
    simpleGrading (10 1 1)

    hex (210 211 221 220 310 311 321 320)
    (1 1 1)
    simpleGrading (10 1 1)

    hex (211 212 222 221 311 312 322 321)
    (1 1 1)
    simpleGrading (10 1 1)

    hex (212 213 223 222 312 313 323 322)
    (1 1 1)
    simpleGrading (10 1 1)

    hex (213 214 224 223 313 314 324 323)
    (1 1 1)
    simpleGrading (10 1 1)

    hex (214 215 225 224 314 315 325 324)
    (1 1 1)
    simpleGrading (10 1 1)

    hex (215 216 226 225 315 316 326 325)
    (1 1 1)
    simpleGrading (10 1 1)

    hex (216 217 227 226 316 317 327 326)
    (1 1 1)
    simpleGrading (10 1 1)

    hex (217 218 228 227 317 318 328 327)
    (1 1 1)
    simpleGrading (10 1 1)

    hex (218 219 229 228 318 319 329 328)
    (1 1 1)
    simpleGrading (10 1 1)

    hex (220 221 231 230 320 321 331 330)
    (1 1 1)
    simpleGrading (10 1 1)

    hex (221 222 232 231 321 322 332 331)
    (1 1 1)
    simpleGrading (10 1 1)

    hex (222 223 233 232 322 323 333 332)
    (1 1 1)
    simpleGrading (10 1 1)

    hex (223 224 234 233 323 324 334 333)
    (1 1 1)
    simpleGrading (10 1 1)

    hex (224 225 235 234 324 325 335 334)
    (1 1 1)
    simpleGrading (10 1 1)

    hex (225 226 236 235 325 326 336 335)
    (1 1 1)
    simpleGrading (10 1 1)

    hex (226 227 237 236 326 327 337 336)
    (1 1 1)
    simpleGrading (10 1 1)

    hex (227 228 238 237 327 328 338 337)
    (1 1 1)
    simpleGrading (10 1 1)

    hex (228 229 239 238 328 329 339 338)
    (1 1 1)
    simpleGrading (10 1 1)

    hex (230 231 241 240 330 331 341 340)
    (1 1 1)
    simpleGrading (10 1 1)

    hex (231 232 242 241 331 332 342 341)
    (1 1 1)
    simpleGrading (10 1 1)

    hex (232 233 243 242 332 333 343 342)
    (1 1 1)
    simpleGrading (10 1 1)

    hex (233 234 244 243 333 334 344 343)
    (1 1 1)
    simpleGrading (10 1 1)

    hex (234 235 245 244 334 335 345 344)
    (1 1 1)
    simpleGrading (10 1 1)

    hex (235 236 246 245 335 336 346 345)
    (1 1 1)
    simpleGrading (10 1 1)

    hex (236 237 247 246 336 337 347 346)
    (1 1 1)
    simpleGrading (10 1 1)

    hex (237 238 248 247 337 338 348 347)
    (1 1 1)
    simpleGrading (10 1 1)

    hex (238 239 249 248 338 339 349 348)
    (1 1 1)
    simpleGrading (10 1 1)

    hex (240 241 251 250 340 341 351 350)
    (1 1 1)
    simpleGrading (10 1 1)

    hex (241 242 252 251 341 342 352 351)
    (1 1 1)
    simpleGrading (10 1 1)

    hex (242 243 253 252 342 343 353 352)
    (1 1 1)
    simpleGrading (10 1 1)

    hex (243 244 254 253 343 344 354 353)
    (1 1 1)
    simpleGrading (10 1 1)

    hex (244 245 255 254 344 345 355 354)
    (1 1 1)
    simpleGrading (10 1 1)

    hex (245 246 256 255 345 346 356 355)
    (1 1 1)
    simpleGrading (10 1 1)

    hex (246 247 257 256 346 347 357 356)
    (1 1 1)
    simpleGrading (10 1 1)

    hex (247 248 258 257 347 348 358 357)
    (1 1 1)
    simpleGrading (10 1 1)

    hex (248 249 259 258 348 349 359 358)
    (1 1 1)
    simpleGrading (10 1 1)

    hex (250 251 261 260 350 351 361 360)
    (1 1 1)
    simpleGrading (10 1 1)

    hex (251 252 262 261 351 352 362 361)
    (1 1 1)
    simpleGrading (10 1 1)

    hex (252 253 263 262 352 353 363 362)
    (1 1 1)
    simpleGrading (10 1 1)

    hex (253 254 264 263 353 354 364 363)
    (1 1 1)
    simpleGrading (10 1 1)

    hex (254 255 265 264 354 355 365 364)
    (1 1 1)
    simpleGrading (10 1 1)

    hex (255 256 266 265 355 356 366 365)
    (1 1 1)
    simpleGrading (10 1 1)

    hex (256 257 267 266 356 357 367 366)
    (1 1 1)
    simpleGrading (10 1 1)

    hex (257 258 268 267 357 358 368 367)
    (1 1 1)
    simpleGrading (10 1 1)

    hex (258 259 269 268 358 359 369 368)
    (1 1 1)
    simpleGrading (10 1 1)

    hex (260 261 271 270 360 361 371 370)
    (1 1 1)
    simpleGrading (10 1 1)

    hex (261 262 272 271 361 362 372 371)
    (1 1 1)
    simpleGrading (10 1 1)

    hex (262 263 273 272 362 363 373 372)
    (1 1 1)
    simpleGrading (10 1 1)

    hex (263 264 274 273 363 364 374 373)
    (1 1 1)
    simpleGrading (10 1 1)

    hex (264 265 275 274 364 365 375 374)
    (1 1 1)
    simpleGrading (10 1 1)

    hex (265 266 276 275 365 366 376 375)
    (1 1 1)
    simpleGrading (10 1 1)

    hex (266 267 277 276 366 367 377 376)
    (1 1 1)
    simpleGrading (10 1 1)

    hex (267 268 278 277 367 368 378 377)
    (1 1 1)
    simpleGrading (10 1 1)

    hex (268 269 279 278 368 369 379 378)
    (1 1 1)
    simpleGrading (10 1 1)

    hex (270 271 281 280 370 371 381 380)
    (1 1 1)
    simpleGrading (10 1 1)

    hex (271 272 282 281 371 372 382 381)
    (1 1 1)
    simpleGrading (10 1 1)

    hex (272 273 283 282 372 373 383 382)
    (1 1 1)
    simpleGrading (10 1 1)

    hex (273 274 284 283 373 374 384 383)
    (1 1 1)
    simpleGrading (10 1 1)

    hex (274 275 285 284 374 375 385 384)
    (1 1 1)
    simpleGrading (10 1 1)

    hex (275 276 286 285 375 376 386 385)
    (1 1 1)
    simpleGrading (10 1 1)

    hex (276 277 287 286 376 377 387 386)
    (1 1 1)
    simpleGrading (10 1 1)

    hex (277 278 288 287 377 378 388 387)
    (1 1 1)
    simpleGrading (10 1 1)

    hex (278 279 289 288 378 379 389 388)
    (1 1 1)
    simpleGrading (10 1 1)

    hex (280 281 291 290 380 381 391 390)
    (1 1 1)
    simpleGrading (10 1 1)

    hex (281 282 292 291 381 382 392 391)
    (1 1 1)
    simpleGrading (10 1 1)

    hex (282 283 293 292 382 383 393 392)
    (1 1 1)
    simpleGrading (10 1 1)

    hex (283 284 294 293 383 384 394 393)
    (1 1 1)
    simpleGrading (10 1 1)

    hex (284 285 295 294 384 385 395 394)
    (1 1 1)
    simpleGrading (10 1 1)

    hex (285 286 296 295 385 386 396 395)
    (1 1 1)
    simpleGrading (10 1 1)

    hex (286 287 297 296 386 387 397 396)
    (1 1 1)
    simpleGrading (10 1 1)

    hex (287 288 298 297 387 388 398 397)
    (1 1 1)
    simpleGrading (10 1 1)

    hex (288 289 299 298 388 389 399 398)
    (1 1 1)
    simpleGrading (10 1 1)

    hex (300 301 311 310 400 401 411 410)
    (1 1 1)
    simpleGrading (10 1 1)

    hex (301 302 312 311 401 402 412 411)
    (1 1 1)
    simpleGrading (10 1 1)

    hex (302 303 313 312 402 403 413 412)
    (1 1 1)
    simpleGrading (10 1 1)

    hex (303 304 314 313 403 404 414 413)
    (1 1 1)
    simpleGrading (10 1 1)

    hex (304 305 315 314 404 405 415 414)
    (1 1 1)
    simpleGrading (10 1 1)

    hex (305 306 316 315 405 406 416 415)
    (1 1 1)
    simpleGrading (10 1 1)

    hex (306 307 317 316 406 407 417 416)
    (1 1 1)
    simpleGrading (10 1 1)

    hex (307 308 318 317 407 408 418 417)
    (1 1 1)
    simpleGrading (10 1 1)

    hex (308 309 319 318 408 409 419 418)
    (1 1 1)
    simpleGrading (10 1 1)

    hex (310 311 321 320 410 411 421 420)
    (1 1 1)
    simpleGrading (10 1 1)

    hex (311 312 322 321 411 412 422 421)
    (1 1 1)
    simpleGrading (10 1 1)

    hex (312 313 323 322 412 413 423 422)
    (1 1 1)
    simpleGrading (10 1 1)

    hex (313 314 324 323 413 414 424 423)
    (1 1 1)
    simpleGrading (10 1 1)

    hex (314 315 325 324 414 415 425 424)
    (1 1 1)
    simpleGrading (10 1 1)

    hex (315 316 326 325 415 416 426 425)
    (1 1 1)
    simpleGrading (10 1 1)

    hex (316 317 327 326 416 417 427 426)
    (1 1 1)
    simpleGrading (10 1 1)

    hex (317 318 328 327 417 418 428 427)
    (1 1 1)
    simpleGrading (10 1 1)

    hex (318 319 329 328 418 419 429 428)
    (1 1 1)
    simpleGrading (10 1 1)

    hex (320 321 331 330 420 421 431 430)
    (1 1 1)
    simpleGrading (10 1 1)

    hex (321 322 332 331 421 422 432 431)
    (1 1 1)
    simpleGrading (10 1 1)

    hex (322 323 333 332 422 423 433 432)
    (1 1 1)
    simpleGrading (10 1 1)

    hex (323 324 334 333 423 424 434 433)
    (1 1 1)
    simpleGrading (10 1 1)

    hex (324 325 335 334 424 425 435 434)
    (1 1 1)
    simpleGrading (10 1 1)

    hex (325 326 336 335 425 426 436 435)
    (1 1 1)
    simpleGrading (10 1 1)

    hex (326 327 337 336 426 427 437 436)
    (1 1 1)
    simpleGrading (10 1 1)

    hex (327 328 338 337 427 428 438 437)
    (1 1 1)
    simpleGrading (10 1 1)

    hex (328 329 339 338 428 429 439 438)
    (1 1 1)
    simpleGrading (10 1 1)

    hex (330 331 341 340 430 431 441 440)
    (1 1 1)
    simpleGrading (10 1 1)

    hex (331 332 342 341 431 432 442 441)
    (1 1 1)
    simpleGrading (10 1 1)

    hex (332 333 343 342 432 433 443 442)
    (1 1 1)
    simpleGrading (10 1 1)

    hex (333 334 344 343 433 434 444 443)
    (1 1 1)
    simpleGrading (10 1 1)

    hex (334 335 345 344 434 435 445 444)
    (1 1 1)
    simpleGrading (10 1 1)

    hex (335 336 346 345 435 436 446 445)
    (1 1 1)
    simpleGrading (10 1 1)

    hex (336 337 347 346 436 437 447 446)
    (1 1 1)
    simpleGrading (10 1 1)

    hex (337 338 348 347 437 438 448 447)
    (1 1 1)
    simpleGrading (10 1 1)

    hex (338 339 349 348 438 439 449 448)
    (1 1 1)
    simpleGrading (10 1 1)

    hex (340 341 351 350 440 441 451 450)
    (1 1 1)
    simpleGrading (10 1 1)

    hex (341 342 352 351 441 442 452 451)
    (1 1 1)
    simpleGrading (10 1 1)

    hex (342 343 353 352 442 443 453 452)
    (1 1 1)
    simpleGrading (10 1 1)

    hex (343 344 354 353 443 444 454 453)
    (1 1 1)
    simpleGrading (10 1 1)

    hex (344 345 355 354 444 445 455 454)
    (1 1 1)
    simpleGrading (10 1 1)

    hex (345 346 356 355 445 446 456 455)
    (1 1 1)
    simpleGrading (10 1 1)

    hex (346 347 357 356 446 447 457 456)
    (1 1 1)
    simpleGrading (10 1 1)

    hex (347 348 358 357 447 448 458 457)
    (1 1 1)
    simpleGrading (10 1 1)

    hex (348 349 359 358 448 449 459 458)
    (1 1 1)
    simpleGrading (10 1 1)

    hex (350 351 361 360 450 451 461 460)
    (1 1 1)
    simpleGrading (10 1 1)

    hex (351 352 362 361 451 452 462 461)
    (1 1 1)
    simpleGrading (10 1 1)

    hex (352 353 363 362 452 453 463 462)
    (1 1 1)
    simpleGrading (10 1 1)

    hex (353 354 364 363 453 454 464 463)
    (1 1 1)
    simpleGrading (10 1 1)

    hex (354 355 365 364 454 455 465 464)
    (1 1 1)
    simpleGrading (10 1 1)

    hex (355 356 366 365 455 456 466 465)
    (1 1 1)
    simpleGrading (10 1 1)

    hex (356 357 367 366 456 457 467 466)
    (1 1 1)
    simpleGrading (10 1 1)

    hex (357 358 368 367 457 458 468 467)
    (1 1 1)
    simpleGrading (10 1 1)

    hex (358 359 369 368 458 459 469 468)
    (1 1 1)
    simpleGrading (10 1 1)

    hex (360 361 371 370 460 461 471 470)
    (1 1 1)
    simpleGrading (10 1 1)

    hex (361 362 372 371 461 462 472 471)
    (1 1 1)
    simpleGrading (10 1 1)

    hex (362 363 373 372 462 463 473 472)
    (1 1 1)
    simpleGrading (10 1 1)

    hex (363 364 374 373 463 464 474 473)
    (1 1 1)
    simpleGrading (10 1 1)

    hex (364 365 375 374 464 465 475 474)
    (1 1 1)
    simpleGrading (10 1 1)

    hex (365 366 376 375 465 466 476 475)
    (1 1 1)
    simpleGrading (10 1 1)

    hex (366 367 377 376 466 467 477 476)
    (1 1 1)
    simpleGrading (10 1 1)

    hex (367 368 378 377 467 468 478 477)
    (1 1 1)
    simpleGrading (10 1 1)

    hex (368 369 379 378 468 469 479 478)
    (1 1 1)
    simpleGrading (10 1 1)

    hex (370 371 381 380 470 471 481 480)
    (1 1 1)
    simpleGrading (10 1 1)

    hex (371 372 382 381 471 472 482 481)
    (1 1 1)
    simpleGrading (10 1 1)

    hex (372 373 383 382 472 473 483 482)
    (1 1 1)
    simpleGrading (10 1 1)

    hex (373 374 384 383 473 474 484 483)
    (1 1 1)
    simpleGrading (10 1 1)

    hex (374 375 385 384 474 475 485 484)
    (1 1 1)
    simpleGrading (10 1 1)

    hex (375 376 386 385 475 476 486 485)
    (1 1 1)
    simpleGrading (10 1 1)

    hex (376 377 387 386 476 477 487 486)
    (1 1 1)
    simpleGrading (10 1 1)

    hex (377 378 388 387 477 478 488 487)
    (1 1 1)
    simpleGrading (10 1 1)

    hex (378 379 389 388 478 479 489 488)
    (1 1 1)
    simpleGrading (10 1 1)

    hex (380 381 391 390 480 481 491 490)
    (1 1 1)
    simpleGrading (10 1 1)

    hex (381 382 392 391 481 482 492 491)
    (1 1 1)
    simpleGrading (10 1 1)

    hex (382 383 393 392 482 483 493 492)
    (1 1 1)
    simpleGrading (10 1 1)

    hex (383 384 394 393 483 484 494 493)
    (1 1 1)
    simpleGrading (10 1 1)

    hex (384 385 395 394 484 485 495 494)
    (1 1 1)
    simpleGrading (10 1 1)

    hex (385 386 396 395 485 486 496 495)
    (1 1 1)
    simpleGrading (10 1 1)

    hex (386 387 397 396 486 487 497 496)
    (1 1 1)
    simpleGrading (10 1 1)

    hex (387 388 398 397 487 488 498 497)
    (1 1 1)
    simpleGrading (10 1 1)

    hex (388 389 399 398 488 489 499 498)
    (1 1 1)
    simpleGrading (10 1 1)

    hex (400 401 411 410 500 501 511 510)
    (1 1 1)
    simpleGrading (10 1 1)

    hex (401 402 412 411 501 502 512 511)
    (1 1 1)
    simpleGrading (10 1 1)

    hex (402 403 413 412 502 503 513 512)
    (1 1 1)
    simpleGrading (10 1 1)

    hex (403 404 414 413 503 504 514 513)
    (1 1 1)
    simpleGrading (10 1 1)

    hex (404 405 415 414 504 505 515 514)
    (1 1 1)
    simpleGrading (10 1 1)

    hex (405 406 416 415 505 506 516 515)
    (1 1 1)
    simpleGrading (10 1 1)

    hex (406 407 417 416 506 507 517 516)
    (1 1 1)
    simpleGrading (10 1 1)

    hex (407 408 418 417 507 508 518 517)
    (1 1 1)
    simpleGrading (10 1 1)

    hex (408 409 419 418 508 509 519 518)
    (1 1 1)
    simpleGrading (10 1 1)

    hex (410 411 421 420 510 511 521 520)
    (1 1 1)
    simpleGrading (10 1 1)

    hex (411 412 422 421 511 512 522 521)
    (1 1 1)
    simpleGrading (10 1 1)

    hex (412 413 423 422 512 513 523 522)
    (1 1 1)
    simpleGrading (10 1 1)

    hex (413 414 424 423 513 514 524 523)
    (1 1 1)
    simpleGrading (10 1 1)

    hex (414 415 425 424 514 515 525 524)
    (1 1 1)
    simpleGrading (10 1 1)

    hex (415 416 426 425 515 516 526 525)
    (1 1 1)
    simpleGrading (10 1 1)

    hex (416 417 427 426 516 517 527 526)
    (1 1 1)
    simpleGrading (10 1 1)

    hex (417 418 428 427 517 518 528 527)
    (1 1 1)
    simpleGrading (10 1 1)

    hex (418 419 429 428 518 519 529 528)
    (1 1 1)
    simpleGrading (10 1 1)

    hex (420 421 431 430 520 521 531 530)
    (1 1 1)
    simpleGrading (10 1 1)

    hex (421 422 432 431 521 522 532 531)
    (1 1 1)
    simpleGrading (10 1 1)

    hex (422 423 433 432 522 523 533 532)
    (1 1 1)
    simpleGrading (10 1 1)

    hex (423 424 434 433 523 524 534 533)
    (1 1 1)
    simpleGrading (10 1 1)

    hex (424 425 435 434 524 525 535 534)
    (1 1 1)
    simpleGrading (10 1 1)

    hex (425 426 436 435 525 526 536 535)
    (1 1 1)
    simpleGrading (10 1 1)

    hex (426 427 437 436 526 527 537 536)
    (1 1 1)
    simpleGrading (10 1 1)

    hex (427 428 438 437 527 528 538 537)
    (1 1 1)
    simpleGrading (10 1 1)

    hex (428 429 439 438 528 529 539 538)
    (1 1 1)
    simpleGrading (10 1 1)

    hex (430 431 441 440 530 531 541 540)
    (1 1 1)
    simpleGrading (10 1 1)

    hex (431 432 442 441 531 532 542 541)
    (1 1 1)
    simpleGrading (10 1 1)

    hex (432 433 443 442 532 533 543 542)
    (1 1 1)
    simpleGrading (10 1 1)

    hex (433 434 444 443 533 534 544 543)
    (1 1 1)
    simpleGrading (10 1 1)

    hex (434 435 445 444 534 535 545 544)
    (1 1 1)
    simpleGrading (10 1 1)

    hex (435 436 446 445 535 536 546 545)
    (1 1 1)
    simpleGrading (10 1 1)

    hex (436 437 447 446 536 537 547 546)
    (1 1 1)
    simpleGrading (10 1 1)

    hex (437 438 448 447 537 538 548 547)
    (1 1 1)
    simpleGrading (10 1 1)

    hex (438 439 449 448 538 539 549 548)
    (1 1 1)
    simpleGrading (10 1 1)

    hex (440 441 451 450 540 541 551 550)
    (1 1 1)
    simpleGrading (10 1 1)

    hex (441 442 452 451 541 542 552 551)
    (1 1 1)
    simpleGrading (10 1 1)

    hex (442 443 453 452 542 543 553 552)
    (1 1 1)
    simpleGrading (10 1 1)

    hex (443 444 454 453 543 544 554 553)
    (1 1 1)
    simpleGrading (10 1 1)

    hex (444 445 455 454 544 545 555 554)
    (1 1 1)
    simpleGrading (10 1 1)

    hex (445 446 456 455 545 546 556 555)
    (1 1 1)
    simpleGrading (10 1 1)

    hex (446 447 457 456 546 547 557 556)
    (1 1 1)
    simpleGrading (10 1 1)

    hex (447 448 458 457 547 548 558 557)
    (1 1 1)
    simpleGrading (10 1 1)

    hex (448 449 459 458 548 549 559 558)
    (1 1 1)
    simpleGrading (10 1 1)

    hex (450 451 461 460 550 551 561 560)
    (1 1 1)
    simpleGrading (10 1 1)

    hex (451 452 462 461 551 552 562 561)
    (1 1 1)
    simpleGrading (10 1 1)

    hex (452 453 463 462 552 553 563 562)
    (1 1 1)
    simpleGrading (10 1 1)

    hex (453 454 464 463 553 554 564 563)
    (1 1 1)
    simpleGrading (10 1 1)

    hex (454 455 465 464 554 555 565 564)
    (1 1 1)
    simpleGrading (10 1 1)

    hex (455 456 466 465 555 556 566 565)
    (1 1 1)
    simpleGrading (10 1 1)

    hex (456 457 467 466 556 557 567 566)
    (1 1 1)
    simpleGrading (10 1 1)

    hex (457 458 468 467 557 558 568 567)
    (1 1 1)
    simpleGrading (10 1 1)

    hex (458 459 469 468 558 559 569 568)
    (1 1 1)
    simpleGrading (10 1 1)

    hex (460 461 471 470 560 561 571 570)
    (1 1 1)
    simpleGrading (10 1 1)

    hex (461 462 472 471 561 562 572 571)
    (1 1 1)
    simpleGrading (10 1 1)

    hex (462 463 473 472 562 563 573 572)
    (1 1 1)
    simpleGrading (10 1 1)

    hex (463 464 474 473 563 564 574 573)
    (1 1 1)
    simpleGrading (10 1 1)

    hex (464 465 475 474 564 565 575 574)
    (1 1 1)
    simpleGrading (10 1 1)

    hex (465 466 476 475 565 566 576 575)
    (1 1 1)
    simpleGrading (10 1 1)

    hex (466 467 477 476 566 567 577 576)
    (1 1 1)
    simpleGrading (10 1 1)

    hex (467 468 478 477 567 568 578 577)
    (1 1 1)
    simpleGrading (10 1 1)

    hex (468 469 479 478 568 569 579 578)
    (1 1 1)
    simpleGrading (10 1 1)

    hex (470 471 481 480 570 571 581 580)
    (1 1 1)
    simpleGrading (10 1 1)

    hex (471 472 482 481 571 572 582 581)
    (1 1 1)
    simpleGrading (10 1 1)

    hex (472 473 483 482 572 573 583 582)
    (1 1 1)
    simpleGrading (10 1 1)

    hex (473 474 484 483 573 574 584 583)
    (1 1 1)
    simpleGrading (10 1 1)

    hex (474 475 485 484 574 575 585 584)
    (1 1 1)
    simpleGrading (10 1 1)

    hex (475 476 486 485 575 576 586 585)
    (1 1 1)
    simpleGrading (10 1 1)

    hex (476 477 487 486 576 577 587 586)
    (1 1 1)
    simpleGrading (10 1 1)

    hex (477 478 488 487 577 578 588 587)
    (1 1 1)
    simpleGrading (10 1 1)

    hex (478 479 489 488 578 579 589 588)
    (1 1 1)
    simpleGrading (10 1 1)

    hex (480 481 491 490 580 581 591 590)
    (1 1 1)
    simpleGrading (10 1 1)

    hex (481 482 492 491 581 582 592 591)
    (1 1 1)
    simpleGrading (10 1 1)

    hex (482 483 493 492 582 583 593 592)
    (1 1 1)
    simpleGrading (10 1 1)

    hex (483 484 494 493 583 584 594 593)
    (1 1 1)
    simpleGrading (10 1 1)

    hex (484 485 495 494 584 585 595 594)
    (1 1 1)
    simpleGrading (10 1 1)

    hex (485 486 496 495 585 586 596 595)
    (1 1 1)
    simpleGrading (10 1 1)

    hex (486 487 497 496 586 587 597 596)
    (1 1 1)
    simpleGrading (10 1 1)

    hex (487 488 498 497 587 588 598 597)
    (1 1 1)
    simpleGrading (10 1 1)

    hex (488 489 499 498 588 589 599 598)
    (1 1 1)
    simpleGrading (10 1 1)

    hex (500 501 511 510 600 601 611 610)
    (1 1 1)
    simpleGrading (10 1 1)

    hex (501 502 512 511 601 602 612 611)
    (1 1 1)
    simpleGrading (10 1 1)

    hex (502 503 513 512 602 603 613 612)
    (1 1 1)
    simpleGrading (10 1 1)

    hex (503 504 514 513 603 604 614 613)
    (1 1 1)
    simpleGrading (10 1 1)

    hex (504 505 515 514 604 605 615 614)
    (1 1 1)
    simpleGrading (10 1 1)

    hex (505 506 516 515 605 606 616 615)
    (1 1 1)
    simpleGrading (10 1 1)

    hex (506 507 517 516 606 607 617 616)
    (1 1 1)
    simpleGrading (10 1 1)

    hex (507 508 518 517 607 608 618 617)
    (1 1 1)
    simpleGrading (10 1 1)

    hex (508 509 519 518 608 609 619 618)
    (1 1 1)
    simpleGrading (10 1 1)

    hex (510 511 521 520 610 611 621 620)
    (1 1 1)
    simpleGrading (10 1 1)

    hex (511 512 522 521 611 612 622 621)
    (1 1 1)
    simpleGrading (10 1 1)

    hex (512 513 523 522 612 613 623 622)
    (1 1 1)
    simpleGrading (10 1 1)

    hex (513 514 524 523 613 614 624 623)
    (1 1 1)
    simpleGrading (10 1 1)

    hex (514 515 525 524 614 615 625 624)
    (1 1 1)
    simpleGrading (10 1 1)

    hex (515 516 526 525 615 616 626 625)
    (1 1 1)
    simpleGrading (10 1 1)

    hex (516 517 527 526 616 617 627 626)
    (1 1 1)
    simpleGrading (10 1 1)

    hex (517 518 528 527 617 618 628 627)
    (1 1 1)
    simpleGrading (10 1 1)

    hex (518 519 529 528 618 619 629 628)
    (1 1 1)
    simpleGrading (10 1 1)

    hex (520 521 531 530 620 621 631 630)
    (1 1 1)
    simpleGrading (10 1 1)

    hex (521 522 532 531 621 622 632 631)
    (1 1 1)
    simpleGrading (10 1 1)

    hex (522 523 533 532 622 623 633 632)
    (1 1 1)
    simpleGrading (10 1 1)

    hex (523 524 534 533 623 624 634 633)
    (1 1 1)
    simpleGrading (10 1 1)

    hex (524 525 535 534 624 625 635 634)
    (1 1 1)
    simpleGrading (10 1 1)

    hex (525 526 536 535 625 626 636 635)
    (1 1 1)
    simpleGrading (10 1 1)

    hex (526 527 537 536 626 627 637 636)
    (1 1 1)
    simpleGrading (10 1 1)

    hex (527 528 538 537 627 628 638 637)
    (1 1 1)
    simpleGrading (10 1 1)

    hex (528 529 539 538 628 629 639 638)
    (1 1 1)
    simpleGrading (10 1 1)

    hex (530 531 541 540 630 631 641 640)
    (1 1 1)
    simpleGrading (10 1 1)

    hex (531 532 542 541 631 632 642 641)
    (1 1 1)
    simpleGrading (10 1 1)

    hex (532 533 543 542 632 633 643 642)
    (1 1 1)
    simpleGrading (10 1 1)

    hex (533 534 544 543 633 634 644 643)
    (1 1 1)
    simpleGrading (10 1 1)

    hex (534 535 545 544 634 635 645 644)
    (1 1 1)
    simpleGrading (10 1 1)

    hex (535 536 546 545 635 636 646 645)
    (1 1 1)
    simpleGrading (10 1 1)

    hex (536 537 547 546 636 637 647 646)
    (1 1 1)
    simpleGrading (10 1 1)

    hex (537 538 548 547 637 638 648 647)
    (1 1 1)
    simpleGrading (10 1 1)

    hex (538 539 549 548 638 639 649 648)
    (1 1 1)
    simpleGrading (10 1 1)

    hex (540 541 551 550 640 641 651 650)
    (1 1 1)
    simpleGrading (10 1 1)

    hex (541 542 552 551 641 642 652 651)
    (1 1 1)
    simpleGrading (10 1 1)

    hex (542 543 553 552 642 643 653 652)
    (1 1 1)
    simpleGrading (10 1 1)

    hex (543 544 554 553 643 644 654 653)
    (1 1 1)
    simpleGrading (10 1 1)

    hex (544 545 555 554 644 645 655 654)
    (1 1 1)
    simpleGrading (10 1 1)

    hex (545 546 556 555 645 646 656 655)
    (1 1 1)
    simpleGrading (10 1 1)

    hex (546 547 557 556 646 647 657 656)
    (1 1 1)
    simpleGrading (10 1 1)

    hex (547 548 558 557 647 648 658 657)
    (1 1 1)
    simpleGrading (10 1 1)

    hex (548 549 559 558 648 649 659 658)
    (1 1 1)
    simpleGrading (10 1 1)

    hex (550 551 561 560 650 651 661 660)
    (1 1 1)
    simpleGrading (10 1 1)

    hex (551 552 562 561 651 652 662 661)
    (1 1 1)
    simpleGrading (10 1 1)

    hex (552 553 563 562 652 653 663 662)
    (1 1 1)
    simpleGrading (10 1 1)

    hex (553 554 564 563 653 654 664 663)
    (1 1 1)
    simpleGrading (10 1 1)

    hex (554 555 565 564 654 655 665 664)
    (1 1 1)
    simpleGrading (10 1 1)

    hex (555 556 566 565 655 656 666 665)
    (1 1 1)
    simpleGrading (10 1 1)

    hex (556 557 567 566 656 657 667 666)
    (1 1 1)
    simpleGrading (10 1 1)

    hex (557 558 568 567 657 658 668 667)
    (1 1 1)
    simpleGrading (10 1 1)

    hex (558 559 569 568 658 659 669 668)
    (1 1 1)
    simpleGrading (10 1 1)

    hex (560 561 571 570 660 661 671 670)
    (1 1 1)
    simpleGrading (10 1 1)

    hex (561 562 572 571 661 662 672 671)
    (1 1 1)
    simpleGrading (10 1 1)

    hex (562 563 573 572 662 663 673 672)
    (1 1 1)
    simpleGrading (10 1 1)

    hex (563 564 574 573 663 664 674 673)
    (1 1 1)
    simpleGrading (10 1 1)

    hex (564 565 575 574 664 665 675 674)
    (1 1 1)
    simpleGrading (10 1 1)

    hex (565 566 576 575 665 666 676 675)
    (1 1 1)
    simpleGrading (10 1 1)

    hex (566 567 577 576 666 667 677 676)
    (1 1 1)
    simpleGrading (10 1 1)

    hex (567 568 578 577 667 668 678 677)
    (1 1 1)
    simpleGrading (10 1 1)

    hex (568 569 579 578 668 669 679 678)
    (1 1 1)
    simpleGrading (10 1 1)

    hex (570 571 581 580 670 671 681 680)
    (1 1 1)
    simpleGrading (10 1 1)

    hex (571 572 582 581 671 672 682 681)
    (1 1 1)
    simpleGrading (10 1 1)

    hex (572 573 583 582 672 673 683 682)
    (1 1 1)
    simpleGrading (10 1 1)

    hex (573 574 584 583 673 674 684 683)
    (1 1 1)
    simpleGrading (10 1 1)

    hex (574 575 585 584 674 675 685 684)
    (1 1 1)
    simpleGrading (10 1 1)

    hex (575 576 586 585 675 676 686 685)
    (1 1 1)
    simpleGrading (10 1 1)

    hex (576 577 587 586 676 677 687 686)
    (1 1 1)
    simpleGrading (10 1 1)

    hex (577 578 588 587 677 678 688 687)
    (1 1 1)
    simpleGrading (10 1 1)

    hex (578 579 589 588 678 679 689 688)
    (1 1 1)
    simpleGrading (10 1 1)

    hex (580 581 591 590 680 681 691 690)
    (1 1 1)
    simpleGrading (10 1 1)

    hex (581 582 592 591 681 682 692 691)
    (1 1 1)
    simpleGrading (10 1 1)

    hex (582 583 593 592 682 683 693 692)
    (1 1 1)
    simpleGrading (10 1 1)

    hex (583 584 594 593 683 684 694 693)
    (1 1 1)
    simpleGrading (10 1 1)

    hex (584 585 595 594 684 685 695 694)
    (1 1 1)
    simpleGrading (10 1 1)

    hex (585 586 596 595 685 686 696 695)
    (1 1 1)
    simpleGrading (10 1 1)

    hex (586 587 597 596 686 687 697 696)
    (1 1 1)
    simpleGrading (10 1 1)

    hex (587 588 598 597 687 688 698 697)
    (1 1 1)
    simpleGrading (10 1 1)

    hex (588 589 599 598 688 689 699 698)
    (1 1 1)
    simpleGrading (10 1 1)

    hex (600 601 611 610 700 701 711 710)
    (1 1 1)
    simpleGrading (10 1 1)

    hex (601 602 612 611 701 702 712 711)
    (1 1 1)
    simpleGrading (10 1 1)

    hex (602 603 613 612 702 703 713 712)
    (1 1 1)
    simpleGrading (10 1 1)

    hex (603 604 614 613 703 704 714 713)
    (1 1 1)
    simpleGrading (10 1 1)

    hex (604 605 615 614 704 705 715 714)
    (1 1 1)
    simpleGrading (10 1 1)

    hex (605 606 616 615 705 706 716 715)
    (1 1 1)
    simpleGrading (10 1 1)

    hex (606 607 617 616 706 707 717 716)
    (1 1 1)
    simpleGrading (10 1 1)

    hex (607 608 618 617 707 708 718 717)
    (1 1 1)
    simpleGrading (10 1 1)

    hex (608 609 619 618 708 709 719 718)
    (1 1 1)
    simpleGrading (10 1 1)

    hex (610 611 621 620 710 711 721 720)
    (1 1 1)
    simpleGrading (10 1 1)

    hex (611 612 622 621 711 712 722 721)
    (1 1 1)
    simpleGrading (10 1 1)

    hex (612 613 623 622 712 713 723 722)
    (1 1 1)
    simpleGrading (10 1 1)

    hex (613 614 624 623 713 714 724 723)
    (1 1 1)
    simpleGrading (10 1 1)

    hex (614 615 625 624 714 715 725 724)
    (1 1 1)
    simpleGrading (10 1 1)

    hex (615 616 626 625 715 716 726 725)
    (1 1 1)
    simpleGrading (10 1 1)

    hex (616 617 627 626 716 717 727 726)
    (1 1 1)
    simpleGrading (10 1 1)

    hex (617 618 628 627 717 718 728 727)
    (1 1 1)
    simpleGrading (10 1 1)

    hex (618 619 629 628 718 719 729 728)
    (1 1 1)
    simpleGrading (10 1 1)

    hex (620 621 631 630 720 721 731 730)
    (1 1 1)
    simpleGrading (10 1 1)

    hex (621 622 632 631 721 722 732 731)
    (1 1 1)
    simpleGrading (10 1 1)

    hex (622 623 633 632 722 723 733 732)
    (1 1 1)
    simpleGrading (10 1 1)

    hex (623 624 634 633 723 724 734 733)
    (1 1 1)
    simpleGrading (10 1 1)

    hex (624 625 635 634 724 725 735 734)
    (1 1 1)
    simpleGrading (10 1 1)

    hex (625 626 636 635 725 726 736 735)
    (1 1 1)
    simpleGrading (10 1 1)

    hex (626 627 637 636 726 727 737 736)
    (1 1 1)
    simpleGrading (10 1 1)

    hex (627 628 638 637 727 728 738 737)
    (1 1 1)
    simpleGrading (10 1 1)

    hex (628 629 639 638 728 729 739 738)
    (1 1 1)
    simpleGrading (10 1 1)

    hex (630 631 641 640 730 731 741 740)
    (1 1 1)
    simpleGrading (10 1 1)

    hex (631 632 642 641 731 732 742 741)
    (1 1 1)
    simpleGrading (10 1 1)

    hex (632 633 643 642 732 733 743 742)
    (1 1 1)
    simpleGrading (10 1 1)

    hex (633 634 644 643 733 734 744 743)
    (1 1 1)
    simpleGrading (10 1 1)

    hex (634 635 645 644 734 735 745 744)
    (1 1 1)
    simpleGrading (10 1 1)

    hex (635 636 646 645 735 736 746 745)
    (1 1 1)
    simpleGrading (10 1 1)

    hex (636 637 647 646 736 737 747 746)
    (1 1 1)
    simpleGrading (10 1 1)

    hex (637 638 648 647 737 738 748 747)
    (1 1 1)
    simpleGrading (10 1 1)

    hex (638 639 649 648 738 739 749 748)
    (1 1 1)
    simpleGrading (10 1 1)

    hex (640 641 651 650 740 741 751 750)
    (1 1 1)
    simpleGrading (10 1 1)

    hex (641 642 652 651 741 742 752 751)
    (1 1 1)
    simpleGrading (10 1 1)

    hex (642 643 653 652 742 743 753 752)
    (1 1 1)
    simpleGrading (10 1 1)

    hex (643 644 654 653 743 744 754 753)
    (1 1 1)
    simpleGrading (10 1 1)

    hex (644 645 655 654 744 745 755 754)
    (1 1 1)
    simpleGrading (10 1 1)

    hex (645 646 656 655 745 746 756 755)
    (1 1 1)
    simpleGrading (10 1 1)

    hex (646 647 657 656 746 747 757 756)
    (1 1 1)
    simpleGrading (10 1 1)

    hex (647 648 658 657 747 748 758 757)
    (1 1 1)
    simpleGrading (10 1 1)

    hex (648 649 659 658 748 749 759 758)
    (1 1 1)
    simpleGrading (10 1 1)

    hex (650 651 661 660 750 751 761 760)
    (1 1 1)
    simpleGrading (10 1 1)

    hex (651 652 662 661 751 752 762 761)
    (1 1 1)
    simpleGrading (10 1 1)

    hex (652 653 663 662 752 753 763 762)
    (1 1 1)
    simpleGrading (10 1 1)

    hex (653 654 664 663 753 754 764 763)
    (1 1 1)
    simpleGrading (10 1 1)

    hex (654 655 665 664 754 755 765 764)
    (1 1 1)
    simpleGrading (10 1 1)

    hex (655 656 666 665 755 756 766 765)
    (1 1 1)
    simpleGrading (10 1 1)

    hex (656 657 667 666 756 757 767 766)
    (1 1 1)
    simpleGrading (10 1 1)

    hex (657 658 668 667 757 758 768 767)
    (1 1 1)
    simpleGrading (10 1 1)

    hex (658 659 669 668 758 759 769 768)
    (1 1 1)
    simpleGrading (10 1 1)

    hex (660 661 671 670 760 761 771 770)
    (1 1 1)
    simpleGrading (10 1 1)

    hex (661 662 672 671 761 762 772 771)
    (1 1 1)
    simpleGrading (10 1 1)

    hex (662 663 673 672 762 763 773 772)
    (1 1 1)
    simpleGrading (10 1 1)

    hex (663 664 674 673 763 764 774 773)
    (1 1 1)
    simpleGrading (10 1 1)

    hex (664 665 675 674 764 765 775 774)
    (1 1 1)
    simpleGrading (10 1 1)

    hex (665 666 676 675 765 766 776 775)
    (1 1 1)
    simpleGrading (10 1 1)

    hex (666 667 677 676 766 767 777 776)
    (1 1 1)
    simpleGrading (10 1 1)

    hex (667 668 678 677 767 768 778 777)
    (1 1 1)
    simpleGrading (10 1 1)

    hex (668 669 679 678 768 769 779 778)
    (1 1 1)
    simpleGrading (10 1 1)

    hex (670 671 681 680 770 771 781 780)
    (1 1 1)
    simpleGrading (10 1 1)

    hex (671 672 682 681 771 772 782 781)
    (1 1 1)
    simpleGrading (10 1 1)

    hex (672 673 683 682 772 773 783 782)
    (1 1 1)
    simpleGrading (10 1 1)

    hex (673 674 684 683 773 774 784 783)
    (1 1 1)
    simpleGrading (10 1 1)

    hex (674 675 685 684 774 775 785 784)
    (1 1 1)
    simpleGrading (10 1 1)

    hex (675 676 686 685 775 776 786 785)
    (1 1 1)
    simpleGrading (10 1 1)

    hex (676 677 687 686 776 777 787 786)
    (1 1 1)
    simpleGrading (10 1 1)

    hex (677 678 688 687 777 778 788 787)
    (1 1 1)
    simpleGrading (10 1 1)

    hex (678 679 689 688 778 779 789 788)
    (1 1 1)
    simpleGrading (10 1 1)

    hex (680 681 691 690 780 781 791 790)
    (1 1 1)
    simpleGrading (10 1 1)

    hex (681 682 692 691 781 782 792 791)
    (1 1 1)
    simpleGrading (10 1 1)

    hex (682 683 693 692 782 783 793 792)
    (1 1 1)
    simpleGrading (10 1 1)

    hex (683 684 694 693 783 784 794 793)
    (1 1 1)
    simpleGrading (10 1 1)

    hex (684 685 695 694 784 785 795 794)
    (1 1 1)
    simpleGrading (10 1 1)

    hex (685 686 696 695 785 786 796 795)
    (1 1 1)
    simpleGrading (10 1 1)

    hex (686 687 697 696 786 787 797 796)
    (1 1 1)
    simpleGrading (10 1 1)

    hex (687 688 698 697 787 788 798 797)
    (1 1 1)
    simpleGrading (10 1 1)

    hex (688 689 699 698 788 789 799 798)
    (1 1 1)
    simpleGrading (10 1 1)

    hex (700 701 711 710 800 801 811 810)
    (1 1 1)
    simpleGrading (10 1 1)

    hex (701 702 712 711 801 802 812 811)
    (1 1 1)
    simpleGrading (10 1 1)

    hex (702 703 713 712 802 803 813 812)
    (1 1 1)
    simpleGrading (10 1 1)

    hex (703 704 714 713 803 804 814 813)
    (1 1 1)
    simpleGrading (10 1 1)

    hex (704 705 715 714 804 805 815 814)
    (1 1 1)
    simpleGrading (10 1 1)

    hex (705 706 716 715 805 806 816 815)
    (1 1 1)
    simpleGrading (10 1 1)

    hex (706 707 717 716 806 807 817 816)
    (1 1 1)
    simpleGrading (10 1 1)

    hex (707 708 718 717 807 808 818 817)
    (1 1 1)
    simpleGrading (10 1 1)

    hex (708 709 719 718 808 809 819 818)
    (1 1 1)
    simpleGrading (10 1 1)

    hex (710 711 721 720 810 811 821 820)
    (1 1 1)
    simpleGrading (10 1 1)

    hex (711 712 722 721 811 812 822 821)
    (1 1 1)
    simpleGrading (10 1 1)

    hex (712 713 723 722 812 813 823 822)
    (1 1 1)
    simpleGrading (10 1 1)

    hex (713 714 724 723 813 814 824 823)
    (1 1 1)
    simpleGrading (10 1 1)

    hex (714 715 725 724 814 815 825 824)
    (1 1 1)
    simpleGrading (10 1 1)

    hex (715 716 726 725 815 816 826 825)
    (1 1 1)
    simpleGrading (10 1 1)

    hex (716 717 727 726 816 817 827 826)
    (1 1 1)
    simpleGrading (10 1 1)

    hex (717 718 728 727 817 818 828 827)
    (1 1 1)
    simpleGrading (10 1 1)

    hex (718 719 729 728 818 819 829 828)
    (1 1 1)
    simpleGrading (10 1 1)

    hex (720 721 731 730 820 821 831 830)
    (1 1 1)
    simpleGrading (10 1 1)

    hex (721 722 732 731 821 822 832 831)
    (1 1 1)
    simpleGrading (10 1 1)

    hex (722 723 733 732 822 823 833 832)
    (1 1 1)
    simpleGrading (10 1 1)

    hex (723 724 734 733 823 824 834 833)
    (1 1 1)
    simpleGrading (10 1 1)

    hex (724 725 735 734 824 825 835 834)
    (1 1 1)
    simpleGrading (10 1 1)

    hex (725 726 736 735 825 826 836 835)
    (1 1 1)
    simpleGrading (10 1 1)

    hex (726 727 737 736 826 827 837 836)
    (1 1 1)
    simpleGrading (10 1 1)

    hex (727 728 738 737 827 828 838 837)
    (1 1 1)
    simpleGrading (10 1 1)

    hex (728 729 739 738 828 829 839 838)
    (1 1 1)
    simpleGrading (10 1 1)

    hex (730 731 741 740 830 831 841 840)
    (1 1 1)
    simpleGrading (10 1 1)

    hex (731 732 742 741 831 832 842 841)
    (1 1 1)
    simpleGrading (10 1 1)

    hex (732 733 743 742 832 833 843 842)
    (1 1 1)
    simpleGrading (10 1 1)

    hex (733 734 744 743 833 834 844 843)
    (1 1 1)
    simpleGrading (10 1 1)

    hex (734 735 745 744 834 835 845 844)
    (1 1 1)
    simpleGrading (10 1 1)

    hex (735 736 746 745 835 836 846 845)
    (1 1 1)
    simpleGrading (10 1 1)

    hex (736 737 747 746 836 837 847 846)
    (1 1 1)
    simpleGrading (10 1 1)

    hex (737 738 748 747 837 838 848 847)
    (1 1 1)
    simpleGrading (10 1 1)

    hex (738 739 749 748 838 839 849 848)
    (1 1 1)
    simpleGrading (10 1 1)

    hex (740 741 751 750 840 841 851 850)
    (1 1 1)
    simpleGrading (10 1 1)

    hex (741 742 752 751 841 842 852 851)
    (1 1 1)
    simpleGrading (10 1 1)

    hex (742 743 753 752 842 843 853 852)
    (1 1 1)
    simpleGrading (10 1 1)

    hex (743 744 754 753 843 844 854 853)
    (1 1 1)
    simpleGrading (10 1 1)

    hex (744 745 755 754 844 845 855 854)
    (1 1 1)
    simpleGrading (10 1 1)

    hex (745 746 756 755 845 846 856 855)
    (1 1 1)
    simpleGrading (10 1 1)

    hex (746 747 757 756 846 847 857 856)
    (1 1 1)
    simpleGrading (10 1 1)

    hex (747 748 758 757 847 848 858 857)
    (1 1 1)
    simpleGrading (10 1 1)

    hex (748 749 759 758 848 849 859 858)
    (1 1 1)
    simpleGrading (10 1 1)

    hex (750 751 761 760 850 851 861 860)
    (1 1 1)
    simpleGrading (10 1 1)

    hex (751 752 762 761 851 852 862 861)
    (1 1 1)
    simpleGrading (10 1 1)

    hex (752 753 763 762 852 853 863 862)
    (1 1 1)
    simpleGrading (10 1 1)

    hex (753 754 764 763 853 854 864 863)
    (1 1 1)
    simpleGrading (10 1 1)

    hex (754 755 765 764 854 855 865 864)
    (1 1 1)
    simpleGrading (10 1 1)

    hex (755 756 766 765 855 856 866 865)
    (1 1 1)
    simpleGrading (10 1 1)

    hex (756 757 767 766 856 857 867 866)
    (1 1 1)
    simpleGrading (10 1 1)

    hex (757 758 768 767 857 858 868 867)
    (1 1 1)
    simpleGrading (10 1 1)

    hex (758 759 769 768 858 859 869 868)
    (1 1 1)
    simpleGrading (10 1 1)

    hex (760 761 771 770 860 861 871 870)
    (1 1 1)
    simpleGrading (10 1 1)

    hex (761 762 772 771 861 862 872 871)
    (1 1 1)
    simpleGrading (10 1 1)

    hex (762 763 773 772 862 863 873 872)
    (1 1 1)
    simpleGrading (10 1 1)

    hex (763 764 774 773 863 864 874 873)
    (1 1 1)
    simpleGrading (10 1 1)

    hex (764 765 775 774 864 865 875 874)
    (1 1 1)
    simpleGrading (10 1 1)

    hex (765 766 776 775 865 866 876 875)
    (1 1 1)
    simpleGrading (10 1 1)

    hex (766 767 777 776 866 867 877 876)
    (1 1 1)
    simpleGrading (10 1 1)

    hex (767 768 778 777 867 868 878 877)
    (1 1 1)
    simpleGrading (10 1 1)

    hex (768 769 779 778 868 869 879 878)
    (1 1 1)
    simpleGrading (10 1 1)

    hex (770 771 781 780 870 871 881 880)
    (1 1 1)
    simpleGrading (10 1 1)

    hex (771 772 782 781 871 872 882 881)
    (1 1 1)
    simpleGrading (10 1 1)

    hex (772 773 783 782 872 873 883 882)
    (1 1 1)
    simpleGrading (10 1 1)

    hex (773 774 784 783 873 874 884 883)
    (1 1 1)
    simpleGrading (10 1 1)

    hex (774 775 785 784 874 875 885 884)
    (1 1 1)
    simpleGrading (10 1 1)

    hex (775 776 786 785 875 876 886 885)
    (1 1 1)
    simpleGrading (10 1 1)

    hex (776 777 787 786 876 877 887 886)
    (1 1 1)
    simpleGrading (10 1 1)

    hex (777 778 788 787 877 878 888 887)
    (1 1 1)
    simpleGrading (10 1 1)

    hex (778 779 789 788 878 879 889 888)
    (1 1 1)
    simpleGrading (10 1 1)

    hex (780 781 791 790 880 881 891 890)
    (1 1 1)
    simpleGrading (10 1 1)

    hex (781 782 792 791 881 882 892 891)
    (1 1 1)
    simpleGrading (10 1 1)

    hex (782 783 793 792 882 883 893 892)
    (1 1 1)
    simpleGrading (10 1 1)

    hex (783 784 794 793 883 884 894 893)
    (1 1 1)
    simpleGrading (10 1 1)

    hex (784 785 795 794 884 885 895 894)
    (1 1 1)
    simpleGrading (10 1 1)

    hex (785 786 796 795 885 886 896 895)
    (1 1 1)
    simpleGrading (10 1 1)

    hex (786 787 797 796 886 887 897 896)
    (1 1 1)
    simpleGrading (10 1 1)

    hex (787 788 798 797 887 888 898 897)
    (1 1 1)
    simpleGrading (10 1 1)

    hex (788 789 799 798 888 889 899 898)
    (1 1 1)
    simpleGrading (10 1 1)

    hex (800 801 811 810 900 901 911 910)
    (1 1 1)
    simpleGrading (10 1 1)

    hex (801 802 812 811 901 902 912 911)
    (1 1 1)
    simpleGrading (10 1 1)

    hex (802 803 813 812 902 903 913 912)
    (1 1 1)
    simpleGrading (10 1 1)

    hex (803 804 814 813 903 904 914 913)
    (1 1 1)
    simpleGrading (10 1 1)

    hex (804 805 815 814 904 905 915 914)
    (1 1 1)
    simpleGrading (10 1 1)

    hex (805 806 816 815 905 906 916 915)
    (1 1 1)
    simpleGrading (10 1 1)

    hex (806 807 817 816 906 907 917 916)
    (1 1 1)
    simpleGrading (10 1 1)

    hex (807 808 818 817 907 908 918 917)
    (1 1 1)
    simpleGrading (10 1 1)

    hex (808 809 819 818 908 909 919 918)
    (1 1 1)
    simpleGrading (10 1 1)

    hex (810 811 821 820 910 911 921 920)
    (1 1 1)
    simpleGrading (10 1 1)

    hex (811 812 822 821 911 912 922 921)
    (1 1 1)
    simpleGrading (10 1 1)

    hex (812 813 823 822 912 913 923 922)
    (1 1 1)
    simpleGrading (10 1 1)

    hex (813 814 824 823 913 914 924 923)
    (1 1 1)
    simpleGrading (10 1 1)

    hex (814 815 825 824 914 915 925 924)
    (1 1 1)
    simpleGrading (10 1 1)

    hex (815 816 826 825 915 916 926 925)
    (1 1 1)
    simpleGrading (10 1 1)

    hex (816 817 827 826 916 917 927 926)
    (1 1 1)
    simpleGrading (10 1 1)

    hex (817 818 828 827 917 918 928 927)
    (1 1 1)
    simpleGrading (10 1 1)

    hex (818 819 829 828 918 919 929 928)
    (1 1 1)
    simpleGrading (10 1 1)

    hex (820 821 831 830 920 921 931 930)
    (1 1 1)
    simpleGrading (10 1 1)

    hex (821 822 832 831 921 922 932 931)
    (1 1 1)
    simpleGrading (10 1 1)

    hex (822 823 833 832 922 923 933 932)
    (1 1 1)
    simpleGrading (10 1 1)

    hex (823 824 834 833 923 924 934 933)
    (1 1 1)
    simpleGrading (10 1 1)

    hex (824 825 835 834 924 925 935 934)
    (1 1 1)
    simpleGrading (10 1 1)

    hex (825 826 836 835 925 926 936 935)
    (1 1 1)
    simpleGrading (10 1 1)

    hex (826 827 837 836 926 927 937 936)
    (1 1 1)
    simpleGrading (10 1 1)

    hex (827 828 838 837 927 928 938 937)
    (1 1 1)
    simpleGrading (10 1 1)

    hex (828 829 839 838 928 929 939 938)
    (1 1 1)
    simpleGrading (10 1 1)

    hex (830 831 841 840 930 931 941 940)
    (1 1 1)
    simpleGrading (10 1 1)

    hex (831 832 842 841 931 932 942 941)
    (1 1 1)
    simpleGrading (10 1 1)

    hex (832 833 843 842 932 933 943 942)
    (1 1 1)
    simpleGrading (10 1 1)

    hex (833 834 844 843 933 934 944 943)
    (1 1 1)
    simpleGrading (10 1 1)

    hex (834 835 845 844 934 935 945 944)
    (1 1 1)
    simpleGrading (10 1 1)

    hex (835 836 846 845 935 936 946 945)
    (1 1 1)
    simpleGrading (10 1 1)

    hex (836 837 847 846 936 937 947 946)
    (1 1 1)
    simpleGrading (10 1 1)

    hex (837 838 848 847 937 938 948 947)
    (1 1 1)
    simpleGrading (10 1 1)

    hex (838 839 849 848 938 939 949 948)
    (1 1 1)
    simpleGrading (10 1 1)

    hex (840 841 851 850 940 941 951 950)
    (1 1 1)
    simpleGrading (10 1 1)

    hex (841 842 852 851 941 942 952 951)
    (1 1 1)
    simpleGrading (10 1 1)

    hex (842 843 853 852 942 943 953 952)
    (1 1 1)
    simpleGrading (10 1 1)

    hex (843 844 854 853 943 944 954 953)
    (1 1 1)
    simpleGrading (10 1 1)

    hex (844 845 855 854 944 945 955 954)
    (1 1 1)
    simpleGrading (10 1 1)

    hex (845 846 856 855 945 946 956 955)
    (1 1 1)
    simpleGrading (10 1 1)

    hex (846 847 857 856 946 947 957 956)
    (1 1 1)
    simpleGrading (10 1 1)

    hex (847 848 858 857 947 948 958 957)
    (1 1 1)
    simpleGrading (10 1 1)

    hex (848 849 859 858 948 949 959 958)
    (1 1 1)
    simpleGrading (10 1 1)

    hex (850 851 861 860 950 951 961 960)
    (1 1 1)
    simpleGrading (10 1 1)

    hex (851 852 862 861 951 952 962 961)
    (1 1 1)
    simpleGrading (10 1 1)

    hex (852 853 863 862 952 953 963 962)
    (1 1 1)
    simpleGrading (10 1 1)

    hex (853 854 864 863 953 954 964 963)
    (1 1 1)
    simpleGrading (10 1 1)

    hex (854 855 865 864 954 955 965 964)
    (1 1 1)
    simpleGrading (10 1 1)

    hex (855 856 866 865 955 956 966 965)
    (1 1 1)
    simpleGrading (10 1 1)

    hex (856 857 867 866 956 957 967 966)
    (1 1 1)
    simpleGrading (10 1 1)

    hex (857 858 868 867 957 958 968 967)
    (1 1 1)
    simpleGrading (10 1 1)

    hex (858 859 869 868 958 959 969 968)
    (1 1 1)
    simpleGrading (10 1 1)

    hex (860 861 871 870 960 961 971 970)
    (1 1 1)
    simpleGrading (10 1 1)

    hex (861 862 872 871 961 962 972 971)
    (1 1 1)
    simpleGrading (10 1 1)

    hex (862 863 873 872 962 963 973 972)
    (1 1 1)
    simpleGrading (10 1 1)

    hex (863 864 874 873 963 964 974 973)
    (1 1 1)
    simpleGrading (10 1 1)

    hex (864 865 875 874 964 965 975 974)
    (1 1 1)
    simpleGrading (10 1 1)

    hex (865 866 876 875 965 966 976 975)
    (1 1 1)
    simpleGrading (10 1 1)

    hex (866 867 877 876 966 967 977 976)
    (1 1 1)
    simpleGrading (10 1 1)

    hex (867 868 878 877 967 968 978 977)
    (1 1 1)
    simpleGrading (10 1 1)

    hex (868 869 879 878 968 969 979 978)
    (1 1 1)
    simpleGrading (10 1 1)

    hex (870 871 881 880 970 971 981 980)
    (1 1 1)
    simpleGrading (10 1 1)

    hex (871 872 882 881 971 972 982 981)
    (1 1 1)
    simpleGrading (10 1 1)

    hex (872 873 883 882 972 973 983 982)
    (1 1 1)
    simpleGrading (10 1 1)

    hex (873 874 884 883 973 974 984 983)
    (1 1 1)
    simpleGrading (10 1 1)

    hex (874 875 885 884 974 975 985 984)
    (1 1 1)
    simpleGrading (10 1 1)

    hex (875 876 886 885 975 976 986 985)
    (1 1 1)
    simpleGrading (10 1 1)

    hex (876 877 887 886 976 977 987 986)
    (1 1 1)
    simpleGrading (10 1 1)

    hex (877 878 888 887 977 978 988 987)
    (1 1 1)
    simpleGrading (10 1 1)

    hex (878 879 889 888 978 979 989 988)
    (1 1 1)
    simpleGrading (10 1 1)

    hex (880 881 891 890 980 981 991 990)
    (1 1 1)
    simpleGrading (10 1 1)

    hex (881 882 892 891 981 982 992 991)
    (1 1 1)
    simpleGrading (10 1 1)

    hex (882 883 893 892 982 983 993 992)
    (1 1 1)
    simpleGrading (10 1 1)

    hex (883 884 894 893 983 984 994 993)
    (1 1 1)
    simpleGrading (10 1 1)

    hex (884 885 895 894 984 985 995 994)
    (1 1 1)
    simpleGrading (10 1 1)

    hex (885 886 896 895 985 986 996 995)
    (1 1 1)
    simpleGrading (10 1 1)

    hex (886 887 897 896 986 987 997 996)
    (1 1 1)
    simpleGrading (10 1 1)

    hex (887 888 898 897 987 988 998 997)
    (1 1 1)
    simpleGrading (10 1 1)

    hex (888 889 899 898 988 989 999 998)
    (1 1 1)
    simpleGrading (10 1 1)

);

boundary
(
	inlet
	{
		type patch;
		faces
		(

			(0 1 100 101)
			(100 101 200 201)
			(200 201 300 301)
			(300 301 400 401)
			(400 401 500 501)
			(500 501 600 601)
			(600 601 700 701)
			(700 701 800 801)
			(800 801 900 901)
			(1 2 101 102)
			(101 102 201 202)
			(201 202 301 302)
			(301 302 401 402)
			(401 402 501 502)
			(501 502 601 602)
			(601 602 701 702)
			(701 702 801 802)
			(801 802 901 902)
			(2 3 102 103)
			(102 103 202 203)
			(202 203 302 303)
			(302 303 402 403)
			(402 403 502 503)
			(502 503 602 603)
			(602 603 702 703)
			(702 703 802 803)
			(802 803 902 903)
			(3 4 103 104)
			(103 104 203 204)
			(203 204 303 304)
			(303 304 403 404)
			(403 404 503 504)
			(503 504 603 604)
			(603 604 703 704)
			(703 704 803 804)
			(803 804 903 904)
			(4 5 104 105)
			(104 105 204 205)
			(204 205 304 305)
			(304 305 404 405)
			(404 405 504 505)
			(504 505 604 605)
			(604 605 704 705)
			(704 705 804 805)
			(804 805 904 905)
			(5 6 105 106)
			(105 106 205 206)
			(205 206 305 306)
			(305 306 405 406)
			(405 406 505 506)
			(505 506 605 606)
			(605 606 705 706)
			(705 706 805 806)
			(805 806 905 906)
			(6 7 106 107)
			(106 107 206 207)
			(206 207 306 307)
			(306 307 406 407)
			(406 407 506 507)
			(506 507 606 607)
			(606 607 706 707)
			(706 707 806 807)
			(806 807 906 907)
			(7 8 107 108)
			(107 108 207 208)
			(207 208 307 308)
			(307 308 407 408)
			(407 408 507 508)
			(507 508 607 608)
			(607 608 707 708)
			(707 708 807 808)
			(807 808 907 908)
			(8 9 108 109)
			(108 109 208 209)
			(208 209 308 309)
			(308 309 408 409)
			(408 409 508 509)
			(508 509 608 609)
			(608 609 708 709)
			(708 709 808 809)
			(808 809 908 909)
		);
	}

	outlet
	{
		type patch;
		faces
		(

			(90 91 190 191)
			(190 191 290 291)
			(290 291 390 391)
			(390 391 490 491)
			(490 491 590 591)
			(590 591 690 691)
			(690 691 790 791)
			(790 791 890 891)
			(890 891 990 991)
			(91 92 191 192)
			(191 192 291 292)
			(291 292 391 392)
			(391 392 491 492)
			(491 492 591 592)
			(591 592 691 692)
			(691 692 791 792)
			(791 792 891 892)
			(891 892 991 992)
			(92 93 192 193)
			(192 193 292 293)
			(292 293 392 393)
			(392 393 492 493)
			(492 493 592 593)
			(592 593 692 693)
			(692 693 792 793)
			(792 793 892 893)
			(892 893 992 993)
			(93 94 193 194)
			(193 194 293 294)
			(293 294 393 394)
			(393 394 493 494)
			(493 494 593 594)
			(593 594 693 694)
			(693 694 793 794)
			(793 794 893 894)
			(893 894 993 994)
			(94 95 194 195)
			(194 195 294 295)
			(294 295 394 395)
			(394 395 494 495)
			(494 495 594 595)
			(594 595 694 695)
			(694 695 794 795)
			(794 795 894 895)
			(894 895 994 995)
			(95 96 195 196)
			(195 196 295 296)
			(295 296 395 396)
			(395 396 495 496)
			(495 496 595 596)
			(595 596 695 696)
			(695 696 795 796)
			(795 796 895 896)
			(895 896 995 996)
			(96 97 196 197)
			(196 197 296 297)
			(296 297 396 397)
			(396 397 496 497)
			(496 497 596 597)
			(596 597 696 697)
			(696 697 796 797)
			(796 797 896 897)
			(896 897 996 997)
			(97 98 197 198)
			(197 198 297 298)
			(297 298 397 398)
			(397 398 497 498)
			(497 498 597 598)
			(597 598 697 698)
			(697 698 797 798)
			(797 798 897 898)
			(897 898 997 998)
			(98 99 198 199)
			(198 199 298 299)
			(298 299 398 399)
			(398 399 498 499)
			(498 499 598 599)
			(598 599 698 699)
			(698 699 798 799)
			(798 799 898 899)
			(898 899 998 999)
		);
	}
	lowerWall
	{
		type wall;
		faces
		(

			(0 10 100 110)
			(100 110 200 210)
			(200 210 300 310)
			(300 310 400 410)
			(400 410 500 510)
			(500 510 600 610)
			(600 610 700 710)
			(700 710 800 810)
			(800 810 900 910)
			(10 20 110 120)
			(110 120 210 220)
			(210 220 310 320)
			(310 320 410 420)
			(410 420 510 520)
			(510 520 610 620)
			(610 620 710 720)
			(710 720 810 820)
			(810 820 910 920)
			(20 30 120 130)
			(120 130 220 230)
			(220 230 320 330)
			(320 330 420 430)
			(420 430 520 530)
			(520 530 620 630)
			(620 630 720 730)
			(720 730 820 830)
			(820 830 920 930)
			(30 40 130 140)
			(130 140 230 240)
			(230 240 330 340)
			(330 340 430 440)
			(430 440 530 540)
			(530 540 630 640)
			(630 640 730 740)
			(730 740 830 840)
			(830 840 930 940)
			(40 50 140 150)
			(140 150 240 250)
			(240 250 340 350)
			(340 350 440 450)
			(440 450 540 550)
			(540 550 640 650)
			(640 650 740 750)
			(740 750 840 850)
			(840 850 940 950)
			(50 60 150 160)
			(150 160 250 260)
			(250 260 350 360)
			(350 360 450 460)
			(450 460 550 560)
			(550 560 650 660)
			(650 660 750 760)
			(750 760 850 860)
			(850 860 950 960)
			(60 70 160 170)
			(160 170 260 270)
			(260 270 360 370)
			(360 370 460 470)
			(460 470 560 570)
			(560 570 660 670)
			(660 670 760 770)
			(760 770 860 870)
			(860 870 960 970)
			(70 80 170 180)
			(170 180 270 280)
			(270 280 370 380)
			(370 380 470 480)
			(470 480 570 580)
			(570 580 670 680)
			(670 680 770 780)
			(770 780 870 880)
			(870 880 970 980)
			(80 90 180 190)
			(180 190 280 290)
			(280 290 380 390)
			(380 390 480 490)
			(480 490 580 590)
			(580 590 680 690)
			(680 690 780 790)
			(780 790 880 890)
			(880 890 980 990)
			(9 19 109 119)
			(109 119 209 219)
			(209 219 309 319)
			(309 319 409 419)
			(409 419 509 519)
			(509 519 609 619)
			(609 619 709 719)
			(709 719 809 819)
			(809 819 909 919)
			(19 29 119 129)
			(119 129 219 229)
			(219 229 319 329)
			(319 329 419 429)
			(419 429 519 529)
			(519 529 619 629)
			(619 629 719 729)
			(719 729 819 829)
			(819 829 919 929)
			(29 39 129 139)
			(129 139 229 239)
			(229 239 329 339)
			(329 339 429 439)
			(429 439 529 539)
			(529 539 629 639)
			(629 639 729 739)
			(729 739 829 839)
			(829 839 929 939)
			(39 49 139 149)
			(139 149 239 249)
			(239 249 339 349)
			(339 349 439 449)
			(439 449 539 549)
			(539 549 639 649)
			(639 649 739 749)
			(739 749 839 849)
			(839 849 939 949)
			(49 59 149 159)
			(149 159 249 259)
			(249 259 349 359)
			(349 359 449 459)
			(449 459 549 559)
			(549 559 649 659)
			(649 659 749 759)
			(749 759 849 859)
			(849 859 949 959)
			(59 69 159 169)
			(159 169 259 269)
			(259 269 359 369)
			(359 369 459 469)
			(459 469 559 569)
			(559 569 659 669)
			(659 669 759 769)
			(759 769 859 869)
			(859 869 959 969)
			(69 79 169 179)
			(169 179 269 279)
			(269 279 369 379)
			(369 379 469 479)
			(469 479 569 579)
			(569 579 669 679)
			(669 679 769 779)
			(769 779 869 879)
			(869 879 969 979)
			(79 89 179 189)
			(179 189 279 289)
			(279 289 379 389)
			(379 389 479 489)
			(479 489 579 589)
			(579 589 679 689)
			(679 689 779 789)
			(779 789 879 889)
			(879 889 979 989)
			(89 99 189 199)
			(189 199 289 299)
			(289 299 389 399)
			(389 399 489 499)
			(489 499 589 599)
			(589 599 689 699)
			(689 699 789 799)
			(789 799 889 899)
			(889 899 989 999)
		);
	}
	upperWall
	{
		type wall;
		faces
		(

			(0 1 10 11)
			(900 901 910 911)
			(10 11 20 21)
			(910 911 920 921)
			(20 21 30 31)
			(920 921 930 931)
			(30 31 40 41)
			(930 931 940 941)
			(40 41 50 51)
			(940 941 950 951)
			(50 51 60 61)
			(950 951 960 961)
			(60 61 70 71)
			(960 961 970 971)
			(70 71 80 81)
			(970 971 980 981)
			(80 81 90 91)
			(980 981 990 991)
			(1 2 11 12)
			(901 902 911 912)
			(11 12 21 22)
			(911 912 921 922)
			(21 22 31 32)
			(921 922 931 932)
			(31 32 41 42)
			(931 932 941 942)
			(41 42 51 52)
			(941 942 951 952)
			(51 52 61 62)
			(951 952 961 962)
			(61 62 71 72)
			(961 962 971 972)
			(71 72 81 82)
			(971 972 981 982)
			(81 82 91 92)
			(981 982 991 992)
			(2 3 12 13)
			(902 903 912 913)
			(12 13 22 23)
			(912 913 922 923)
			(22 23 32 33)
			(922 923 932 933)
			(32 33 42 43)
			(932 933 942 943)
			(42 43 52 53)
			(942 943 952 953)
			(52 53 62 63)
			(952 953 962 963)
			(62 63 72 73)
			(962 963 972 973)
			(72 73 82 83)
			(972 973 982 983)
			(82 83 92 93)
			(982 983 992 993)
			(3 4 13 14)
			(903 904 913 914)
			(13 14 23 24)
			(913 914 923 924)
			(23 24 33 34)
			(923 924 933 934)
			(33 34 43 44)
			(933 934 943 944)
			(43 44 53 54)
			(943 944 953 954)
			(53 54 63 64)
			(953 954 963 964)
			(63 64 73 74)
			(963 964 973 974)
			(73 74 83 84)
			(973 974 983 984)
			(83 84 93 94)
			(983 984 993 994)
			(4 5 14 15)
			(904 905 914 915)
			(14 15 24 25)
			(914 915 924 925)
			(24 25 34 35)
			(924 925 934 935)
			(34 35 44 45)
			(934 935 944 945)
			(44 45 54 55)
			(944 945 954 955)
			(54 55 64 65)
			(954 955 964 965)
			(64 65 74 75)
			(964 965 974 975)
			(74 75 84 85)
			(974 975 984 985)
			(84 85 94 95)
			(984 985 994 995)
			(5 6 15 16)
			(905 906 915 916)
			(15 16 25 26)
			(915 916 925 926)
			(25 26 35 36)
			(925 926 935 936)
			(35 36 45 46)
			(935 936 945 946)
			(45 46 55 56)
			(945 946 955 956)
			(55 56 65 66)
			(955 956 965 966)
			(65 66 75 76)
			(965 966 975 976)
			(75 76 85 86)
			(975 976 985 986)
			(85 86 95 96)
			(985 986 995 996)
			(6 7 16 17)
			(906 907 916 917)
			(16 17 26 27)
			(916 917 926 927)
			(26 27 36 37)
			(926 927 936 937)
			(36 37 46 47)
			(936 937 946 947)
			(46 47 56 57)
			(946 947 956 957)
			(56 57 66 67)
			(956 957 966 967)
			(66 67 76 77)
			(966 967 976 977)
			(76 77 86 87)
			(976 977 986 987)
			(86 87 96 97)
			(986 987 996 997)
			(7 8 17 18)
			(907 908 917 918)
			(17 18 27 28)
			(917 918 927 928)
			(27 28 37 38)
			(927 928 937 938)
			(37 38 47 48)
			(937 938 947 948)
			(47 48 57 58)
			(947 948 957 958)
			(57 58 67 68)
			(957 958 967 968)
			(67 68 77 78)
			(967 968 977 978)
			(77 78 87 88)
			(977 978 987 988)
			(87 88 97 98)
			(987 988 997 998)
			(8 9 18 19)
			(908 909 918 919)
			(18 19 28 29)
			(918 919 928 929)
			(28 29 38 39)
			(928 929 938 939)
			(38 39 48 49)
			(938 939 948 949)
			(48 49 58 59)
			(948 949 958 959)
			(58 59 68 69)
			(958 959 968 969)
			(68 69 78 79)
			(968 969 978 979)
			(78 79 88 89)
			(978 979 988 989)
			(88 89 98 99)
			(988 989 998 999)
		);
	}
);

