/*--------------------------------*- C++ -*----------------------------------*\
  =========                 |
  \\      /  F ield         | OpenFOAM: The Open Source CFD Toolbox
   \\    /   O peration     | Website:  https://openfoam.org
    \\  /    A nd           | Version:  11
     \\/     M anipulation  |
\*---------------------------------------------------------------------------*/
FoamFile
{
    format      ascii;
    class       faceList;
    location    "constant/polyMesh";
    object      faces;
}
// * * * * * * * * * * * * * * * * * * * * * * * * * * * * * * * * * * * * * //


2430
(
4(1 3 7 5)
4(2 6 7 3)
4(4 5 7 6)
4(8 9 11 10)
4(3 7 11 9)
4(5 10 11 7)
4(12 13 15 14)
4(9 11 15 13)
4(10 14 15 11)
4(16 17 19 18)
4(13 15 19 17)
4(14 18 19 15)
4(20 21 23 22)
4(17 19 23 21)
4(18 22 23 19)
4(24 25 27 26)
4(21 23 27 25)
4(22 26 27 23)
4(28 29 31 30)
4(25 27 31 29)
4(26 30 31 27)
4(32 33 35 34)
4(29 31 35 33)
4(30 34 35 31)
4(33 35 39 37)
4(34 38 39 35)
4(3 41 43 7)
4(40 42 43 41)
4(6 7 43 42)
4(9 44 45 11)
4(41 43 45 44)
4(7 11 45 43)
4(13 46 47 15)
4(44 45 47 46)
4(11 15 47 45)
4(17 48 49 19)
4(46 47 49 48)
4(15 19 49 47)
4(21 50 51 23)
4(48 49 51 50)
4(19 23 51 49)
4(25 52 53 27)
4(50 51 53 52)
4(23 27 53 51)
4(29 54 55 31)
4(52 53 55 54)
4(27 31 55 53)
4(33 56 57 35)
4(54 55 57 56)
4(31 35 57 55)
4(56 57 59 58)
4(35 39 59 57)
4(41 61 63 43)
4(60 62 63 61)
4(42 43 63 62)
4(44 64 65 45)
4(61 63 65 64)
4(43 45 65 63)
4(46 66 67 47)
4(64 65 67 66)
4(45 47 67 65)
4(48 68 69 49)
4(66 67 69 68)
4(47 49 69 67)
4(50 70 71 51)
4(68 69 71 70)
4(49 51 71 69)
4(52 72 73 53)
4(70 71 73 72)
4(51 53 73 71)
4(54 74 75 55)
4(72 73 75 74)
4(53 55 75 73)
4(56 76 77 57)
4(74 75 77 76)
4(55 57 77 75)
4(76 77 79 78)
4(57 59 79 77)
4(61 81 83 63)
4(80 82 83 81)
4(62 63 83 82)
4(64 84 85 65)
4(81 83 85 84)
4(63 65 85 83)
4(66 86 87 67)
4(84 85 87 86)
4(65 67 87 85)
4(68 88 89 69)
4(86 87 89 88)
4(67 69 89 87)
4(70 90 91 71)
4(88 89 91 90)
4(69 71 91 89)
4(72 92 93 73)
4(90 91 93 92)
4(71 73 93 91)
4(74 94 95 75)
4(92 93 95 94)
4(73 75 95 93)
4(76 96 97 77)
4(94 95 97 96)
4(75 77 97 95)
4(96 97 99 98)
4(77 79 99 97)
4(81 101 103 83)
4(100 102 103 101)
4(82 83 103 102)
4(84 104 105 85)
4(101 103 105 104)
4(83 85 105 103)
4(86 106 107 87)
4(104 105 107 106)
4(85 87 107 105)
4(88 108 109 89)
4(106 107 109 108)
4(87 89 109 107)
4(90 110 111 91)
4(108 109 111 110)
4(89 91 111 109)
4(92 112 113 93)
4(110 111 113 112)
4(91 93 113 111)
4(94 114 115 95)
4(112 113 115 114)
4(93 95 115 113)
4(96 116 117 97)
4(114 115 117 116)
4(95 97 117 115)
4(116 117 119 118)
4(97 99 119 117)
4(101 121 123 103)
4(120 122 123 121)
4(102 103 123 122)
4(104 124 125 105)
4(121 123 125 124)
4(103 105 125 123)
4(106 126 127 107)
4(124 125 127 126)
4(105 107 127 125)
4(108 128 129 109)
4(126 127 129 128)
4(107 109 129 127)
4(110 130 131 111)
4(128 129 131 130)
4(109 111 131 129)
4(112 132 133 113)
4(130 131 133 132)
4(111 113 133 131)
4(114 134 135 115)
4(132 133 135 134)
4(113 115 135 133)
4(116 136 137 117)
4(134 135 137 136)
4(115 117 137 135)
4(136 137 139 138)
4(117 119 139 137)
4(121 141 143 123)
4(140 142 143 141)
4(122 123 143 142)
4(124 144 145 125)
4(141 143 145 144)
4(123 125 145 143)
4(126 146 147 127)
4(144 145 147 146)
4(125 127 147 145)
4(128 148 149 129)
4(146 147 149 148)
4(127 129 149 147)
4(130 150 151 131)
4(148 149 151 150)
4(129 131 151 149)
4(132 152 153 133)
4(150 151 153 152)
4(131 133 153 151)
4(134 154 155 135)
4(152 153 155 154)
4(133 135 155 153)
4(136 156 157 137)
4(154 155 157 156)
4(135 137 157 155)
4(156 157 159 158)
4(137 139 159 157)
4(141 161 163 143)
4(160 162 163 161)
4(142 143 163 162)
4(144 164 165 145)
4(161 163 165 164)
4(143 145 165 163)
4(146 166 167 147)
4(164 165 167 166)
4(145 147 167 165)
4(148 168 169 149)
4(166 167 169 168)
4(147 149 169 167)
4(150 170 171 151)
4(168 169 171 170)
4(149 151 171 169)
4(152 172 173 153)
4(170 171 173 172)
4(151 153 173 171)
4(154 174 175 155)
4(172 173 175 174)
4(153 155 175 173)
4(156 176 177 157)
4(174 175 177 176)
4(155 157 177 175)
4(176 177 179 178)
4(157 159 179 177)
4(161 181 183 163)
4(162 163 183 182)
4(164 184 185 165)
4(163 165 185 183)
4(166 186 187 167)
4(165 167 187 185)
4(168 188 189 169)
4(167 169 189 187)
4(170 190 191 171)
4(169 171 191 189)
4(172 192 193 173)
4(171 173 193 191)
4(174 194 195 175)
4(173 175 195 193)
4(176 196 197 177)
4(175 177 197 195)
4(177 179 199 197)
4(5 7 203 201)
4(6 202 203 7)
4(200 201 203 202)
4(10 11 205 204)
4(7 203 205 11)
4(201 204 205 203)
4(14 15 207 206)
4(11 205 207 15)
4(204 206 207 205)
4(18 19 209 208)
4(15 207 209 19)
4(206 208 209 207)
4(22 23 211 210)
4(19 209 211 23)
4(208 210 211 209)
4(26 27 213 212)
4(23 211 213 27)
4(210 212 213 211)
4(30 31 215 214)
4(27 213 215 31)
4(212 214 215 213)
4(34 35 217 216)
4(31 215 217 35)
4(214 216 217 215)
4(35 217 219 39)
4(216 218 219 217)
4(7 43 221 203)
4(42 220 221 43)
4(202 203 221 220)
4(11 45 222 205)
4(43 221 222 45)
4(203 205 222 221)
4(15 47 223 207)
4(45 222 223 47)
4(205 207 223 222)
4(19 49 224 209)
4(47 223 224 49)
4(207 209 224 223)
4(23 51 225 211)
4(49 224 225 51)
4(209 211 225 224)
4(27 53 226 213)
4(51 225 226 53)
4(211 213 226 225)
4(31 55 227 215)
4(53 226 227 55)
4(213 215 227 226)
4(35 57 228 217)
4(55 227 228 57)
4(215 217 228 227)
4(57 228 229 59)
4(217 219 229 228)
4(43 63 231 221)
4(62 230 231 63)
4(220 221 231 230)
4(45 65 232 222)
4(63 231 232 65)
4(221 222 232 231)
4(47 67 233 223)
4(65 232 233 67)
4(222 223 233 232)
4(49 69 234 224)
4(67 233 234 69)
4(223 224 234 233)
4(51 71 235 225)
4(69 234 235 71)
4(224 225 235 234)
4(53 73 236 226)
4(71 235 236 73)
4(225 226 236 235)
4(55 75 237 227)
4(73 236 237 75)
4(226 227 237 236)
4(57 77 238 228)
4(75 237 238 77)
4(227 228 238 237)
4(77 238 239 79)
4(228 229 239 238)
4(63 83 241 231)
4(82 240 241 83)
4(230 231 241 240)
4(65 85 242 232)
4(83 241 242 85)
4(231 232 242 241)
4(67 87 243 233)
4(85 242 243 87)
4(232 233 243 242)
4(69 89 244 234)
4(87 243 244 89)
4(233 234 244 243)
4(71 91 245 235)
4(89 244 245 91)
4(234 235 245 244)
4(73 93 246 236)
4(91 245 246 93)
4(235 236 246 245)
4(75 95 247 237)
4(93 246 247 95)
4(236 237 247 246)
4(77 97 248 238)
4(95 247 248 97)
4(237 238 248 247)
4(97 248 249 99)
4(238 239 249 248)
4(83 103 251 241)
4(102 250 251 103)
4(240 241 251 250)
4(85 105 252 242)
4(103 251 252 105)
4(241 242 252 251)
4(87 107 253 243)
4(105 252 253 107)
4(242 243 253 252)
4(89 109 254 244)
4(107 253 254 109)
4(243 244 254 253)
4(91 111 255 245)
4(109 254 255 111)
4(244 245 255 254)
4(93 113 256 246)
4(111 255 256 113)
4(245 246 256 255)
4(95 115 257 247)
4(113 256 257 115)
4(246 247 257 256)
4(97 117 258 248)
4(115 257 258 117)
4(247 248 258 257)
4(117 258 259 119)
4(248 249 259 258)
4(103 123 261 251)
4(122 260 261 123)
4(250 251 261 260)
4(105 125 262 252)
4(123 261 262 125)
4(251 252 262 261)
4(107 127 263 253)
4(125 262 263 127)
4(252 253 263 262)
4(109 129 264 254)
4(127 263 264 129)
4(253 254 264 263)
4(111 131 265 255)
4(129 264 265 131)
4(254 255 265 264)
4(113 133 266 256)
4(131 265 266 133)
4(255 256 266 265)
4(115 135 267 257)
4(133 266 267 135)
4(256 257 267 266)
4(117 137 268 258)
4(135 267 268 137)
4(257 258 268 267)
4(137 268 269 139)
4(258 259 269 268)
4(123 143 271 261)
4(142 270 271 143)
4(260 261 271 270)
4(125 145 272 262)
4(143 271 272 145)
4(261 262 272 271)
4(127 147 273 263)
4(145 272 273 147)
4(262 263 273 272)
4(129 149 274 264)
4(147 273 274 149)
4(263 264 274 273)
4(131 151 275 265)
4(149 274 275 151)
4(264 265 275 274)
4(133 153 276 266)
4(151 275 276 153)
4(265 266 276 275)
4(135 155 277 267)
4(153 276 277 155)
4(266 267 277 276)
4(137 157 278 268)
4(155 277 278 157)
4(267 268 278 277)
4(157 278 279 159)
4(268 269 279 278)
4(143 163 281 271)
4(162 280 281 163)
4(270 271 281 280)
4(145 165 282 272)
4(163 281 282 165)
4(271 272 282 281)
4(147 167 283 273)
4(165 282 283 167)
4(272 273 283 282)
4(149 169 284 274)
4(167 283 284 169)
4(273 274 284 283)
4(151 171 285 275)
4(169 284 285 171)
4(274 275 285 284)
4(153 173 286 276)
4(171 285 286 173)
4(275 276 286 285)
4(155 175 287 277)
4(173 286 287 175)
4(276 277 287 286)
4(157 177 288 278)
4(175 287 288 177)
4(277 278 288 287)
4(177 288 289 179)
4(278 279 289 288)
4(163 183 291 281)
4(280 281 291 290)
4(165 185 292 282)
4(281 282 292 291)
4(167 187 293 283)
4(282 283 293 292)
4(169 189 294 284)
4(283 284 294 293)
4(171 191 295 285)
4(284 285 295 294)
4(173 193 296 286)
4(285 286 296 295)
4(175 195 297 287)
4(286 287 297 296)
4(177 197 298 288)
4(287 288 298 297)
4(288 289 299 298)
4(201 203 303 301)
4(202 302 303 203)
4(300 301 303 302)
4(204 205 305 304)
4(203 303 305 205)
4(301 304 305 303)
4(206 207 307 306)
4(205 305 307 207)
4(304 306 307 305)
4(208 209 309 308)
4(207 307 309 209)
4(306 308 309 307)
4(210 211 311 310)
4(209 309 311 211)
4(308 310 311 309)
4(212 213 313 312)
4(211 311 313 213)
4(310 312 313 311)
4(214 215 315 314)
4(213 313 315 215)
4(312 314 315 313)
4(216 217 317 316)
4(215 315 317 217)
4(314 316 317 315)
4(217 317 319 219)
4(316 318 319 317)
4(203 221 321 303)
4(220 320 321 221)
4(302 303 321 320)
4(205 222 322 305)
4(221 321 322 222)
4(303 305 322 321)
4(207 223 323 307)
4(222 322 323 223)
4(305 307 323 322)
4(209 224 324 309)
4(223 323 324 224)
4(307 309 324 323)
4(211 225 325 311)
4(224 324 325 225)
4(309 311 325 324)
4(213 226 326 313)
4(225 325 326 226)
4(311 313 326 325)
4(215 227 327 315)
4(226 326 327 227)
4(313 315 327 326)
4(217 228 328 317)
4(227 327 328 228)
4(315 317 328 327)
4(228 328 329 229)
4(317 319 329 328)
4(221 231 331 321)
4(230 330 331 231)
4(320 321 331 330)
4(222 232 332 322)
4(231 331 332 232)
4(321 322 332 331)
4(223 233 333 323)
4(232 332 333 233)
4(322 323 333 332)
4(224 234 334 324)
4(233 333 334 234)
4(323 324 334 333)
4(225 235 335 325)
4(234 334 335 235)
4(324 325 335 334)
4(226 236 336 326)
4(235 335 336 236)
4(325 326 336 335)
4(227 237 337 327)
4(236 336 337 237)
4(326 327 337 336)
4(228 238 338 328)
4(237 337 338 238)
4(327 328 338 337)
4(238 338 339 239)
4(328 329 339 338)
4(231 241 341 331)
4(240 340 341 241)
4(330 331 341 340)
4(232 242 342 332)
4(241 341 342 242)
4(331 332 342 341)
4(233 243 343 333)
4(242 342 343 243)
4(332 333 343 342)
4(234 244 344 334)
4(243 343 344 244)
4(333 334 344 343)
4(235 245 345 335)
4(244 344 345 245)
4(334 335 345 344)
4(236 246 346 336)
4(245 345 346 246)
4(335 336 346 345)
4(237 247 347 337)
4(246 346 347 247)
4(336 337 347 346)
4(238 248 348 338)
4(247 347 348 248)
4(337 338 348 347)
4(248 348 349 249)
4(338 339 349 348)
4(241 251 351 341)
4(250 350 351 251)
4(340 341 351 350)
4(242 252 352 342)
4(251 351 352 252)
4(341 342 352 351)
4(243 253 353 343)
4(252 352 353 253)
4(342 343 353 352)
4(244 254 354 344)
4(253 353 354 254)
4(343 344 354 353)
4(245 255 355 345)
4(254 354 355 255)
4(344 345 355 354)
4(246 256 356 346)
4(255 355 356 256)
4(345 346 356 355)
4(247 257 357 347)
4(256 356 357 257)
4(346 347 357 356)
4(248 258 358 348)
4(257 357 358 258)
4(347 348 358 357)
4(258 358 359 259)
4(348 349 359 358)
4(251 261 361 351)
4(260 360 361 261)
4(350 351 361 360)
4(252 262 362 352)
4(261 361 362 262)
4(351 352 362 361)
4(253 263 363 353)
4(262 362 363 263)
4(352 353 363 362)
4(254 264 364 354)
4(263 363 364 264)
4(353 354 364 363)
4(255 265 365 355)
4(264 364 365 265)
4(354 355 365 364)
4(256 266 366 356)
4(265 365 366 266)
4(355 356 366 365)
4(257 267 367 357)
4(266 366 367 267)
4(356 357 367 366)
4(258 268 368 358)
4(267 367 368 268)
4(357 358 368 367)
4(268 368 369 269)
4(358 359 369 368)
4(261 271 371 361)
4(270 370 371 271)
4(360 361 371 370)
4(262 272 372 362)
4(271 371 372 272)
4(361 362 372 371)
4(263 273 373 363)
4(272 372 373 273)
4(362 363 373 372)
4(264 274 374 364)
4(273 373 374 274)
4(363 364 374 373)
4(265 275 375 365)
4(274 374 375 275)
4(364 365 375 374)
4(266 276 376 366)
4(275 375 376 276)
4(365 366 376 375)
4(267 277 377 367)
4(276 376 377 277)
4(366 367 377 376)
4(268 278 378 368)
4(277 377 378 278)
4(367 368 378 377)
4(278 378 379 279)
4(368 369 379 378)
4(271 281 381 371)
4(280 380 381 281)
4(370 371 381 380)
4(272 282 382 372)
4(281 381 382 282)
4(371 372 382 381)
4(273 283 383 373)
4(282 382 383 283)
4(372 373 383 382)
4(274 284 384 374)
4(283 383 384 284)
4(373 374 384 383)
4(275 285 385 375)
4(284 384 385 285)
4(374 375 385 384)
4(276 286 386 376)
4(285 385 386 286)
4(375 376 386 385)
4(277 287 387 377)
4(286 386 387 287)
4(376 377 387 386)
4(278 288 388 378)
4(287 387 388 288)
4(377 378 388 387)
4(288 388 389 289)
4(378 379 389 388)
4(281 291 391 381)
4(380 381 391 390)
4(282 292 392 382)
4(381 382 392 391)
4(283 293 393 383)
4(382 383 393 392)
4(284 294 394 384)
4(383 384 394 393)
4(285 295 395 385)
4(384 385 395 394)
4(286 296 396 386)
4(385 386 396 395)
4(287 297 397 387)
4(386 387 397 396)
4(288 298 398 388)
4(387 388 398 397)
4(388 389 399 398)
4(301 303 403 401)
4(302 402 403 303)
4(400 401 403 402)
4(304 305 405 404)
4(303 403 405 305)
4(401 404 405 403)
4(306 307 407 406)
4(305 405 407 307)
4(404 406 407 405)
4(308 309 409 408)
4(307 407 409 309)
4(406 408 409 407)
4(310 311 411 410)
4(309 409 411 311)
4(408 410 411 409)
4(312 313 413 412)
4(311 411 413 313)
4(410 412 413 411)
4(314 315 415 414)
4(313 413 415 315)
4(412 414 415 413)
4(316 317 417 416)
4(315 415 417 317)
4(414 416 417 415)
4(317 417 419 319)
4(416 418 419 417)
4(303 321 421 403)
4(320 420 421 321)
4(402 403 421 420)
4(305 322 422 405)
4(321 421 422 322)
4(403 405 422 421)
4(307 323 423 407)
4(322 422 423 323)
4(405 407 423 422)
4(309 324 424 409)
4(323 423 424 324)
4(407 409 424 423)
4(311 325 425 411)
4(324 424 425 325)
4(409 411 425 424)
4(313 326 426 413)
4(325 425 426 326)
4(411 413 426 425)
4(315 327 427 415)
4(326 426 427 327)
4(413 415 427 426)
4(317 328 428 417)
4(327 427 428 328)
4(415 417 428 427)
4(328 428 429 329)
4(417 419 429 428)
4(321 331 431 421)
4(330 430 431 331)
4(420 421 431 430)
4(322 332 432 422)
4(331 431 432 332)
4(421 422 432 431)
4(323 333 433 423)
4(332 432 433 333)
4(422 423 433 432)
4(324 334 434 424)
4(333 433 434 334)
4(423 424 434 433)
4(325 335 435 425)
4(334 434 435 335)
4(424 425 435 434)
4(326 336 436 426)
4(335 435 436 336)
4(425 426 436 435)
4(327 337 437 427)
4(336 436 437 337)
4(426 427 437 436)
4(328 338 438 428)
4(337 437 438 338)
4(427 428 438 437)
4(338 438 439 339)
4(428 429 439 438)
4(331 341 441 431)
4(340 440 441 341)
4(430 431 441 440)
4(332 342 442 432)
4(341 441 442 342)
4(431 432 442 441)
4(333 343 443 433)
4(342 442 443 343)
4(432 433 443 442)
4(334 344 444 434)
4(343 443 444 344)
4(433 434 444 443)
4(335 345 445 435)
4(344 444 445 345)
4(434 435 445 444)
4(336 346 446 436)
4(345 445 446 346)
4(435 436 446 445)
4(337 347 447 437)
4(346 446 447 347)
4(436 437 447 446)
4(338 348 448 438)
4(347 447 448 348)
4(437 438 448 447)
4(348 448 449 349)
4(438 439 449 448)
4(341 351 451 441)
4(350 450 451 351)
4(440 441 451 450)
4(342 352 452 442)
4(351 451 452 352)
4(441 442 452 451)
4(343 353 453 443)
4(352 452 453 353)
4(442 443 453 452)
4(344 354 454 444)
4(353 453 454 354)
4(443 444 454 453)
4(345 355 455 445)
4(354 454 455 355)
4(444 445 455 454)
4(346 356 456 446)
4(355 455 456 356)
4(445 446 456 455)
4(347 357 457 447)
4(356 456 457 357)
4(446 447 457 456)
4(348 358 458 448)
4(357 457 458 358)
4(447 448 458 457)
4(358 458 459 359)
4(448 449 459 458)
4(351 361 461 451)
4(360 460 461 361)
4(450 451 461 460)
4(352 362 462 452)
4(361 461 462 362)
4(451 452 462 461)
4(353 363 463 453)
4(362 462 463 363)
4(452 453 463 462)
4(354 364 464 454)
4(363 463 464 364)
4(453 454 464 463)
4(355 365 465 455)
4(364 464 465 365)
4(454 455 465 464)
4(356 366 466 456)
4(365 465 466 366)
4(455 456 466 465)
4(357 367 467 457)
4(366 466 467 367)
4(456 457 467 466)
4(358 368 468 458)
4(367 467 468 368)
4(457 458 468 467)
4(368 468 469 369)
4(458 459 469 468)
4(361 371 471 461)
4(370 470 471 371)
4(460 461 471 470)
4(362 372 472 462)
4(371 471 472 372)
4(461 462 472 471)
4(363 373 473 463)
4(372 472 473 373)
4(462 463 473 472)
4(364 374 474 464)
4(373 473 474 374)
4(463 464 474 473)
4(365 375 475 465)
4(374 474 475 375)
4(464 465 475 474)
4(366 376 476 466)
4(375 475 476 376)
4(465 466 476 475)
4(367 377 477 467)
4(376 476 477 377)
4(466 467 477 476)
4(368 378 478 468)
4(377 477 478 378)
4(467 468 478 477)
4(378 478 479 379)
4(468 469 479 478)
4(371 381 481 471)
4(380 480 481 381)
4(470 471 481 480)
4(372 382 482 472)
4(381 481 482 382)
4(471 472 482 481)
4(373 383 483 473)
4(382 482 483 383)
4(472 473 483 482)
4(374 384 484 474)
4(383 483 484 384)
4(473 474 484 483)
4(375 385 485 475)
4(384 484 485 385)
4(474 475 485 484)
4(376 386 486 476)
4(385 485 486 386)
4(475 476 486 485)
4(377 387 487 477)
4(386 486 487 387)
4(476 477 487 486)
4(378 388 488 478)
4(387 487 488 388)
4(477 478 488 487)
4(388 488 489 389)
4(478 479 489 488)
4(381 391 491 481)
4(480 481 491 490)
4(382 392 492 482)
4(481 482 492 491)
4(383 393 493 483)
4(482 483 493 492)
4(384 394 494 484)
4(483 484 494 493)
4(385 395 495 485)
4(484 485 495 494)
4(386 396 496 486)
4(485 486 496 495)
4(387 397 497 487)
4(486 487 497 496)
4(388 398 498 488)
4(487 488 498 497)
4(488 489 499 498)
4(401 403 503 501)
4(402 502 503 403)
4(500 501 503 502)
4(404 405 505 504)
4(403 503 505 405)
4(501 504 505 503)
4(406 407 507 506)
4(405 505 507 407)
4(504 506 507 505)
4(408 409 509 508)
4(407 507 509 409)
4(506 508 509 507)
4(410 411 511 510)
4(409 509 511 411)
4(508 510 511 509)
4(412 413 513 512)
4(411 511 513 413)
4(510 512 513 511)
4(414 415 515 514)
4(413 513 515 415)
4(512 514 515 513)
4(416 417 517 516)
4(415 515 517 417)
4(514 516 517 515)
4(417 517 519 419)
4(516 518 519 517)
4(403 421 521 503)
4(420 520 521 421)
4(502 503 521 520)
4(405 422 522 505)
4(421 521 522 422)
4(503 505 522 521)
4(407 423 523 507)
4(422 522 523 423)
4(505 507 523 522)
4(409 424 524 509)
4(423 523 524 424)
4(507 509 524 523)
4(411 425 525 511)
4(424 524 525 425)
4(509 511 525 524)
4(413 426 526 513)
4(425 525 526 426)
4(511 513 526 525)
4(415 427 527 515)
4(426 526 527 427)
4(513 515 527 526)
4(417 428 528 517)
4(427 527 528 428)
4(515 517 528 527)
4(428 528 529 429)
4(517 519 529 528)
4(421 431 531 521)
4(430 530 531 431)
4(520 521 531 530)
4(422 432 532 522)
4(431 531 532 432)
4(521 522 532 531)
4(423 433 533 523)
4(432 532 533 433)
4(522 523 533 532)
4(424 434 534 524)
4(433 533 534 434)
4(523 524 534 533)
4(425 435 535 525)
4(434 534 535 435)
4(524 525 535 534)
4(426 436 536 526)
4(435 535 536 436)
4(525 526 536 535)
4(427 437 537 527)
4(436 536 537 437)
4(526 527 537 536)
4(428 438 538 528)
4(437 537 538 438)
4(527 528 538 537)
4(438 538 539 439)
4(528 529 539 538)
4(431 441 541 531)
4(440 540 541 441)
4(530 531 541 540)
4(432 442 542 532)
4(441 541 542 442)
4(531 532 542 541)
4(433 443 543 533)
4(442 542 543 443)
4(532 533 543 542)
4(434 444 544 534)
4(443 543 544 444)
4(533 534 544 543)
4(435 445 545 535)
4(444 544 545 445)
4(534 535 545 544)
4(436 446 546 536)
4(445 545 546 446)
4(535 536 546 545)
4(437 447 547 537)
4(446 546 547 447)
4(536 537 547 546)
4(438 448 548 538)
4(447 547 548 448)
4(537 538 548 547)
4(448 548 549 449)
4(538 539 549 548)
4(441 451 551 541)
4(450 550 551 451)
4(540 541 551 550)
4(442 452 552 542)
4(451 551 552 452)
4(541 542 552 551)
4(443 453 553 543)
4(452 552 553 453)
4(542 543 553 552)
4(444 454 554 544)
4(453 553 554 454)
4(543 544 554 553)
4(445 455 555 545)
4(454 554 555 455)
4(544 545 555 554)
4(446 456 556 546)
4(455 555 556 456)
4(545 546 556 555)
4(447 457 557 547)
4(456 556 557 457)
4(546 547 557 556)
4(448 458 558 548)
4(457 557 558 458)
4(547 548 558 557)
4(458 558 559 459)
4(548 549 559 558)
4(451 461 561 551)
4(460 560 561 461)
4(550 551 561 560)
4(452 462 562 552)
4(461 561 562 462)
4(551 552 562 561)
4(453 463 563 553)
4(462 562 563 463)
4(552 553 563 562)
4(454 464 564 554)
4(463 563 564 464)
4(553 554 564 563)
4(455 465 565 555)
4(464 564 565 465)
4(554 555 565 564)
4(456 466 566 556)
4(465 565 566 466)
4(555 556 566 565)
4(457 467 567 557)
4(466 566 567 467)
4(556 557 567 566)
4(458 468 568 558)
4(467 567 568 468)
4(557 558 568 567)
4(468 568 569 469)
4(558 559 569 568)
4(461 471 571 561)
4(470 570 571 471)
4(560 561 571 570)
4(462 472 572 562)
4(471 571 572 472)
4(561 562 572 571)
4(463 473 573 563)
4(472 572 573 473)
4(562 563 573 572)
4(464 474 574 564)
4(473 573 574 474)
4(563 564 574 573)
4(465 475 575 565)
4(474 574 575 475)
4(564 565 575 574)
4(466 476 576 566)
4(475 575 576 476)
4(565 566 576 575)
4(467 477 577 567)
4(476 576 577 477)
4(566 567 577 576)
4(468 478 578 568)
4(477 577 578 478)
4(567 568 578 577)
4(478 578 579 479)
4(568 569 579 578)
4(471 481 581 571)
4(480 580 581 481)
4(570 571 581 580)
4(472 482 582 572)
4(481 581 582 482)
4(571 572 582 581)
4(473 483 583 573)
4(482 582 583 483)
4(572 573 583 582)
4(474 484 584 574)
4(483 583 584 484)
4(573 574 584 583)
4(475 485 585 575)
4(484 584 585 485)
4(574 575 585 584)
4(476 486 586 576)
4(485 585 586 486)
4(575 576 586 585)
4(477 487 587 577)
4(486 586 587 487)
4(576 577 587 586)
4(478 488 588 578)
4(487 587 588 488)
4(577 578 588 587)
4(488 588 589 489)
4(578 579 589 588)
4(481 491 591 581)
4(580 581 591 590)
4(482 492 592 582)
4(581 582 592 591)
4(483 493 593 583)
4(582 583 593 592)
4(484 494 594 584)
4(583 584 594 593)
4(485 495 595 585)
4(584 585 595 594)
4(486 496 596 586)
4(585 586 596 595)
4(487 497 597 587)
4(586 587 597 596)
4(488 498 598 588)
4(587 588 598 597)
4(588 589 599 598)
4(501 503 603 601)
4(502 602 603 503)
4(600 601 603 602)
4(504 505 605 604)
4(503 603 605 505)
4(601 604 605 603)
4(506 507 607 606)
4(505 605 607 507)
4(604 606 607 605)
4(508 509 609 608)
4(507 607 609 509)
4(606 608 609 607)
4(510 511 611 610)
4(509 609 611 511)
4(608 610 611 609)
4(512 513 613 612)
4(511 611 613 513)
4(610 612 613 611)
4(514 515 615 614)
4(513 613 615 515)
4(612 614 615 613)
4(516 517 617 616)
4(515 615 617 517)
4(614 616 617 615)
4(517 617 619 519)
4(616 618 619 617)
4(503 521 621 603)
4(520 620 621 521)
4(602 603 621 620)
4(505 522 622 605)
4(521 621 622 522)
4(603 605 622 621)
4(507 523 623 607)
4(522 622 623 523)
4(605 607 623 622)
4(509 524 624 609)
4(523 623 624 524)
4(607 609 624 623)
4(511 525 625 611)
4(524 624 625 525)
4(609 611 625 624)
4(513 526 626 613)
4(525 625 626 526)
4(611 613 626 625)
4(515 527 627 615)
4(526 626 627 527)
4(613 615 627 626)
4(517 528 628 617)
4(527 627 628 528)
4(615 617 628 627)
4(528 628 629 529)
4(617 619 629 628)
4(521 531 631 621)
4(530 630 631 531)
4(620 621 631 630)
4(522 532 632 622)
4(531 631 632 532)
4(621 622 632 631)
4(523 533 633 623)
4(532 632 633 533)
4(622 623 633 632)
4(524 534 634 624)
4(533 633 634 534)
4(623 624 634 633)
4(525 535 635 625)
4(534 634 635 535)
4(624 625 635 634)
4(526 536 636 626)
4(535 635 636 536)
4(625 626 636 635)
4(527 537 637 627)
4(536 636 637 537)
4(626 627 637 636)
4(528 538 638 628)
4(537 637 638 538)
4(627 628 638 637)
4(538 638 639 539)
4(628 629 639 638)
4(531 541 641 631)
4(540 640 641 541)
4(630 631 641 640)
4(532 542 642 632)
4(541 641 642 542)
4(631 632 642 641)
4(533 543 643 633)
4(542 642 643 543)
4(632 633 643 642)
4(534 544 644 634)
4(543 643 644 544)
4(633 634 644 643)
4(535 545 645 635)
4(544 644 645 545)
4(634 635 645 644)
4(536 546 646 636)
4(545 645 646 546)
4(635 636 646 645)
4(537 547 647 637)
4(546 646 647 547)
4(636 637 647 646)
4(538 548 648 638)
4(547 647 648 548)
4(637 638 648 647)
4(548 648 649 549)
4(638 639 649 648)
4(541 551 651 641)
4(550 650 651 551)
4(640 641 651 650)
4(542 552 652 642)
4(551 651 652 552)
4(641 642 652 651)
4(543 553 653 643)
4(552 652 653 553)
4(642 643 653 652)
4(544 554 654 644)
4(553 653 654 554)
4(643 644 654 653)
4(545 555 655 645)
4(554 654 655 555)
4(644 645 655 654)
4(546 556 656 646)
4(555 655 656 556)
4(645 646 656 655)
4(547 557 657 647)
4(556 656 657 557)
4(646 647 657 656)
4(548 558 658 648)
4(557 657 658 558)
4(647 648 658 657)
4(558 658 659 559)
4(648 649 659 658)
4(551 561 661 651)
4(560 660 661 561)
4(650 651 661 660)
4(552 562 662 652)
4(561 661 662 562)
4(651 652 662 661)
4(553 563 663 653)
4(562 662 663 563)
4(652 653 663 662)
4(554 564 664 654)
4(563 663 664 564)
4(653 654 664 663)
4(555 565 665 655)
4(564 664 665 565)
4(654 655 665 664)
4(556 566 666 656)
4(565 665 666 566)
4(655 656 666 665)
4(557 567 667 657)
4(566 666 667 567)
4(656 657 667 666)
4(558 568 668 658)
4(567 667 668 568)
4(657 658 668 667)
4(568 668 669 569)
4(658 659 669 668)
4(561 571 671 661)
4(570 670 671 571)
4(660 661 671 670)
4(562 572 672 662)
4(571 671 672 572)
4(661 662 672 671)
4(563 573 673 663)
4(572 672 673 573)
4(662 663 673 672)
4(564 574 674 664)
4(573 673 674 574)
4(663 664 674 673)
4(565 575 675 665)
4(574 674 675 575)
4(664 665 675 674)
4(566 576 676 666)
4(575 675 676 576)
4(665 666 676 675)
4(567 577 677 667)
4(576 676 677 577)
4(666 667 677 676)
4(568 578 678 668)
4(577 677 678 578)
4(667 668 678 677)
4(578 678 679 579)
4(668 669 679 678)
4(571 581 681 671)
4(580 680 681 581)
4(670 671 681 680)
4(572 582 682 672)
4(581 681 682 582)
4(671 672 682 681)
4(573 583 683 673)
4(582 682 683 583)
4(672 673 683 682)
4(574 584 684 674)
4(583 683 684 584)
4(673 674 684 683)
4(575 585 685 675)
4(584 684 685 585)
4(674 675 685 684)
4(576 586 686 676)
4(585 685 686 586)
4(675 676 686 685)
4(577 587 687 677)
4(586 686 687 587)
4(676 677 687 686)
4(578 588 688 678)
4(587 687 688 588)
4(677 678 688 687)
4(588 688 689 589)
4(678 679 689 688)
4(581 591 691 681)
4(680 681 691 690)
4(582 592 692 682)
4(681 682 692 691)
4(583 593 693 683)
4(682 683 693 692)
4(584 594 694 684)
4(683 684 694 693)
4(585 595 695 685)
4(684 685 695 694)
4(586 596 696 686)
4(685 686 696 695)
4(587 597 697 687)
4(686 687 697 696)
4(588 598 698 688)
4(687 688 698 697)
4(688 689 699 698)
4(601 603 703 701)
4(602 702 703 603)
4(700 701 703 702)
4(604 605 705 704)
4(603 703 705 605)
4(701 704 705 703)
4(606 607 707 706)
4(605 705 707 607)
4(704 706 707 705)
4(608 609 709 708)
4(607 707 709 609)
4(706 708 709 707)
4(610 611 711 710)
4(609 709 711 611)
4(708 710 711 709)
4(612 613 713 712)
4(611 711 713 613)
4(710 712 713 711)
4(614 615 715 714)
4(613 713 715 615)
4(712 714 715 713)
4(616 617 717 716)
4(615 715 717 617)
4(714 716 717 715)
4(617 717 719 619)
4(716 718 719 717)
4(603 621 721 703)
4(620 720 721 621)
4(702 703 721 720)
4(605 622 722 705)
4(621 721 722 622)
4(703 705 722 721)
4(607 623 723 707)
4(622 722 723 623)
4(705 707 723 722)
4(609 624 724 709)
4(623 723 724 624)
4(707 709 724 723)
4(611 625 725 711)
4(624 724 725 625)
4(709 711 725 724)
4(613 626 726 713)
4(625 725 726 626)
4(711 713 726 725)
4(615 627 727 715)
4(626 726 727 627)
4(713 715 727 726)
4(617 628 728 717)
4(627 727 728 628)
4(715 717 728 727)
4(628 728 729 629)
4(717 719 729 728)
4(621 631 731 721)
4(630 730 731 631)
4(720 721 731 730)
4(622 632 732 722)
4(631 731 732 632)
4(721 722 732 731)
4(623 633 733 723)
4(632 732 733 633)
4(722 723 733 732)
4(624 634 734 724)
4(633 733 734 634)
4(723 724 734 733)
4(625 635 735 725)
4(634 734 735 635)
4(724 725 735 734)
4(626 636 736 726)
4(635 735 736 636)
4(725 726 736 735)
4(627 637 737 727)
4(636 736 737 637)
4(726 727 737 736)
4(628 638 738 728)
4(637 737 738 638)
4(727 728 738 737)
4(638 738 739 639)
4(728 729 739 738)
4(631 641 741 731)
4(640 740 741 641)
4(730 731 741 740)
4(632 642 742 732)
4(641 741 742 642)
4(731 732 742 741)
4(633 643 743 733)
4(642 742 743 643)
4(732 733 743 742)
4(634 644 744 734)
4(643 743 744 644)
4(733 734 744 743)
4(635 645 745 735)
4(644 744 745 645)
4(734 735 745 744)
4(636 646 746 736)
4(645 745 746 646)
4(735 736 746 745)
4(637 647 747 737)
4(646 746 747 647)
4(736 737 747 746)
4(638 648 748 738)
4(647 747 748 648)
4(737 738 748 747)
4(648 748 749 649)
4(738 739 749 748)
4(641 651 751 741)
4(650 750 751 651)
4(740 741 751 750)
4(642 652 752 742)
4(651 751 752 652)
4(741 742 752 751)
4(643 653 753 743)
4(652 752 753 653)
4(742 743 753 752)
4(644 654 754 744)
4(653 753 754 654)
4(743 744 754 753)
4(645 655 755 745)
4(654 754 755 655)
4(744 745 755 754)
4(646 656 756 746)
4(655 755 756 656)
4(745 746 756 755)
4(647 657 757 747)
4(656 756 757 657)
4(746 747 757 756)
4(648 658 758 748)
4(657 757 758 658)
4(747 748 758 757)
4(658 758 759 659)
4(748 749 759 758)
4(651 661 761 751)
4(660 760 761 661)
4(750 751 761 760)
4(652 662 762 752)
4(661 761 762 662)
4(751 752 762 761)
4(653 663 763 753)
4(662 762 763 663)
4(752 753 763 762)
4(654 664 764 754)
4(663 763 764 664)
4(753 754 764 763)
4(655 665 765 755)
4(664 764 765 665)
4(754 755 765 764)
4(656 666 766 756)
4(665 765 766 666)
4(755 756 766 765)
4(657 667 767 757)
4(666 766 767 667)
4(756 757 767 766)
4(658 668 768 758)
4(667 767 768 668)
4(757 758 768 767)
4(668 768 769 669)
4(758 759 769 768)
4(661 671 771 761)
4(670 770 771 671)
4(760 761 771 770)
4(662 672 772 762)
4(671 771 772 672)
4(761 762 772 771)
4(663 673 773 763)
4(672 772 773 673)
4(762 763 773 772)
4(664 674 774 764)
4(673 773 774 674)
4(763 764 774 773)
4(665 675 775 765)
4(674 774 775 675)
4(764 765 775 774)
4(666 676 776 766)
4(675 775 776 676)
4(765 766 776 775)
4(667 677 777 767)
4(676 776 777 677)
4(766 767 777 776)
4(668 678 778 768)
4(677 777 778 678)
4(767 768 778 777)
4(678 778 779 679)
4(768 769 779 778)
4(671 681 781 771)
4(680 780 781 681)
4(770 771 781 780)
4(672 682 782 772)
4(681 781 782 682)
4(771 772 782 781)
4(673 683 783 773)
4(682 782 783 683)
4(772 773 783 782)
4(674 684 784 774)
4(683 783 784 684)
4(773 774 784 783)
4(675 685 785 775)
4(684 784 785 685)
4(774 775 785 784)
4(676 686 786 776)
4(685 785 786 686)
4(775 776 786 785)
4(677 687 787 777)
4(686 786 787 687)
4(776 777 787 786)
4(678 688 788 778)
4(687 787 788 688)
4(777 778 788 787)
4(688 788 789 689)
4(778 779 789 788)
4(681 691 791 781)
4(780 781 791 790)
4(682 692 792 782)
4(781 782 792 791)
4(683 693 793 783)
4(782 783 793 792)
4(684 694 794 784)
4(783 784 794 793)
4(685 695 795 785)
4(784 785 795 794)
4(686 696 796 786)
4(785 786 796 795)
4(687 697 797 787)
4(786 787 797 796)
4(688 698 798 788)
4(787 788 798 797)
4(788 789 799 798)
4(701 703 803 801)
4(702 802 803 703)
4(800 801 803 802)
4(704 705 805 804)
4(703 803 805 705)
4(801 804 805 803)
4(706 707 807 806)
4(705 805 807 707)
4(804 806 807 805)
4(708 709 809 808)
4(707 807 809 709)
4(806 808 809 807)
4(710 711 811 810)
4(709 809 811 711)
4(808 810 811 809)
4(712 713 813 812)
4(711 811 813 713)
4(810 812 813 811)
4(714 715 815 814)
4(713 813 815 715)
4(812 814 815 813)
4(716 717 817 816)
4(715 815 817 717)
4(814 816 817 815)
4(717 817 819 719)
4(816 818 819 817)
4(703 721 821 803)
4(720 820 821 721)
4(802 803 821 820)
4(705 722 822 805)
4(721 821 822 722)
4(803 805 822 821)
4(707 723 823 807)
4(722 822 823 723)
4(805 807 823 822)
4(709 724 824 809)
4(723 823 824 724)
4(807 809 824 823)
4(711 725 825 811)
4(724 824 825 725)
4(809 811 825 824)
4(713 726 826 813)
4(725 825 826 726)
4(811 813 826 825)
4(715 727 827 815)
4(726 826 827 727)
4(813 815 827 826)
4(717 728 828 817)
4(727 827 828 728)
4(815 817 828 827)
4(728 828 829 729)
4(817 819 829 828)
4(721 731 831 821)
4(730 830 831 731)
4(820 821 831 830)
4(722 732 832 822)
4(731 831 832 732)
4(821 822 832 831)
4(723 733 833 823)
4(732 832 833 733)
4(822 823 833 832)
4(724 734 834 824)
4(733 833 834 734)
4(823 824 834 833)
4(725 735 835 825)
4(734 834 835 735)
4(824 825 835 834)
4(726 736 836 826)
4(735 835 836 736)
4(825 826 836 835)
4(727 737 837 827)
4(736 836 837 737)
4(826 827 837 836)
4(728 738 838 828)
4(737 837 838 738)
4(827 828 838 837)
4(738 838 839 739)
4(828 829 839 838)
4(731 741 841 831)
4(740 840 841 741)
4(830 831 841 840)
4(732 742 842 832)
4(741 841 842 742)
4(831 832 842 841)
4(733 743 843 833)
4(742 842 843 743)
4(832 833 843 842)
4(734 744 844 834)
4(743 843 844 744)
4(833 834 844 843)
4(735 745 845 835)
4(744 844 845 745)
4(834 835 845 844)
4(736 746 846 836)
4(745 845 846 746)
4(835 836 846 845)
4(737 747 847 837)
4(746 846 847 747)
4(836 837 847 846)
4(738 748 848 838)
4(747 847 848 748)
4(837 838 848 847)
4(748 848 849 749)
4(838 839 849 848)
4(741 751 851 841)
4(750 850 851 751)
4(840 841 851 850)
4(742 752 852 842)
4(751 851 852 752)
4(841 842 852 851)
4(743 753 853 843)
4(752 852 853 753)
4(842 843 853 852)
4(744 754 854 844)
4(753 853 854 754)
4(843 844 854 853)
4(745 755 855 845)
4(754 854 855 755)
4(844 845 855 854)
4(746 756 856 846)
4(755 855 856 756)
4(845 846 856 855)
4(747 757 857 847)
4(756 856 857 757)
4(846 847 857 856)
4(748 758 858 848)
4(757 857 858 758)
4(847 848 858 857)
4(758 858 859 759)
4(848 849 859 858)
4(751 761 861 851)
4(760 860 861 761)
4(850 851 861 860)
4(752 762 862 852)
4(761 861 862 762)
4(851 852 862 861)
4(753 763 863 853)
4(762 862 863 763)
4(852 853 863 862)
4(754 764 864 854)
4(763 863 864 764)
4(853 854 864 863)
4(755 765 865 855)
4(764 864 865 765)
4(854 855 865 864)
4(756 766 866 856)
4(765 865 866 766)
4(855 856 866 865)
4(757 767 867 857)
4(766 866 867 767)
4(856 857 867 866)
4(758 768 868 858)
4(767 867 868 768)
4(857 858 868 867)
4(768 868 869 769)
4(858 859 869 868)
4(761 771 871 861)
4(770 870 871 771)
4(860 861 871 870)
4(762 772 872 862)
4(771 871 872 772)
4(861 862 872 871)
4(763 773 873 863)
4(772 872 873 773)
4(862 863 873 872)
4(764 774 874 864)
4(773 873 874 774)
4(863 864 874 873)
4(765 775 875 865)
4(774 874 875 775)
4(864 865 875 874)
4(766 776 876 866)
4(775 875 876 776)
4(865 866 876 875)
4(767 777 877 867)
4(776 876 877 777)
4(866 867 877 876)
4(768 778 878 868)
4(777 877 878 778)
4(867 868 878 877)
4(778 878 879 779)
4(868 869 879 878)
4(771 781 881 871)
4(780 880 881 781)
4(870 871 881 880)
4(772 782 882 872)
4(781 881 882 782)
4(871 872 882 881)
4(773 783 883 873)
4(782 882 883 783)
4(872 873 883 882)
4(774 784 884 874)
4(783 883 884 784)
4(873 874 884 883)
4(775 785 885 875)
4(784 884 885 785)
4(874 875 885 884)
4(776 786 886 876)
4(785 885 886 786)
4(875 876 886 885)
4(777 787 887 877)
4(786 886 887 787)
4(876 877 887 886)
4(778 788 888 878)
4(787 887 888 788)
4(877 878 888 887)
4(788 888 889 789)
4(878 879 889 888)
4(781 791 891 881)
4(880 881 891 890)
4(782 792 892 882)
4(881 882 892 891)
4(783 793 893 883)
4(882 883 893 892)
4(784 794 894 884)
4(883 884 894 893)
4(785 795 895 885)
4(884 885 895 894)
4(786 796 896 886)
4(885 886 896 895)
4(787 797 897 887)
4(886 887 897 896)
4(788 798 898 888)
4(887 888 898 897)
4(888 889 899 898)
4(801 803 903 901)
4(802 902 903 803)
4(804 805 905 904)
4(803 903 905 805)
4(806 807 907 906)
4(805 905 907 807)
4(808 809 909 908)
4(807 907 909 809)
4(810 811 911 910)
4(809 909 911 811)
4(812 813 913 912)
4(811 911 913 813)
4(814 815 915 914)
4(813 913 915 815)
4(816 817 917 916)
4(815 915 917 817)
4(817 917 919 819)
4(803 821 921 903)
4(820 920 921 821)
4(805 822 922 905)
4(821 921 922 822)
4(807 823 923 907)
4(822 922 923 823)
4(809 824 924 909)
4(823 923 924 824)
4(811 825 925 911)
4(824 924 925 825)
4(813 826 926 913)
4(825 925 926 826)
4(815 827 927 915)
4(826 926 927 827)
4(817 828 928 917)
4(827 927 928 828)
4(828 928 929 829)
4(821 831 931 921)
4(830 930 931 831)
4(822 832 932 922)
4(831 931 932 832)
4(823 833 933 923)
4(832 932 933 833)
4(824 834 934 924)
4(833 933 934 834)
4(825 835 935 925)
4(834 934 935 835)
4(826 836 936 926)
4(835 935 936 836)
4(827 837 937 927)
4(836 936 937 837)
4(828 838 938 928)
4(837 937 938 838)
4(838 938 939 839)
4(831 841 941 931)
4(840 940 941 841)
4(832 842 942 932)
4(841 941 942 842)
4(833 843 943 933)
4(842 942 943 843)
4(834 844 944 934)
4(843 943 944 844)
4(835 845 945 935)
4(844 944 945 845)
4(836 846 946 936)
4(845 945 946 846)
4(837 847 947 937)
4(846 946 947 847)
4(838 848 948 938)
4(847 947 948 848)
4(848 948 949 849)
4(841 851 951 941)
4(850 950 951 851)
4(842 852 952 942)
4(851 951 952 852)
4(843 853 953 943)
4(852 952 953 853)
4(844 854 954 944)
4(853 953 954 854)
4(845 855 955 945)
4(854 954 955 855)
4(846 856 956 946)
4(855 955 956 856)
4(847 857 957 947)
4(856 956 957 857)
4(848 858 958 948)
4(857 957 958 858)
4(858 958 959 859)
4(851 861 961 951)
4(860 960 961 861)
4(852 862 962 952)
4(861 961 962 862)
4(853 863 963 953)
4(862 962 963 863)
4(854 864 964 954)
4(863 963 964 864)
4(855 865 965 955)
4(864 964 965 865)
4(856 866 966 956)
4(865 965 966 866)
4(857 867 967 957)
4(866 966 967 867)
4(858 868 968 958)
4(867 967 968 868)
4(868 968 969 869)
4(861 871 971 961)
4(870 970 971 871)
4(862 872 972 962)
4(871 971 972 872)
4(863 873 973 963)
4(872 972 973 873)
4(864 874 974 964)
4(873 973 974 874)
4(865 875 975 965)
4(874 974 975 875)
4(866 876 976 966)
4(875 975 976 876)
4(867 877 977 967)
4(876 976 977 877)
4(868 878 978 968)
4(877 977 978 878)
4(878 978 979 879)
4(871 881 981 971)
4(880 980 981 881)
4(872 882 982 972)
4(881 981 982 882)
4(873 883 983 973)
4(882 982 983 883)
4(874 884 984 974)
4(883 983 984 884)
4(875 885 985 975)
4(884 984 985 885)
4(876 886 986 976)
4(885 985 986 886)
4(877 887 987 977)
4(886 986 987 887)
4(878 888 988 978)
4(887 987 988 888)
4(888 988 989 889)
4(881 891 991 981)
4(882 892 992 982)
4(883 893 993 983)
4(884 894 994 984)
4(885 895 995 985)
4(886 896 996 986)
4(887 897 997 987)
4(888 898 998 988)
4(0 1 5 4)
4(4 5 201 200)
4(200 201 301 300)
4(300 301 401 400)
4(400 401 501 500)
4(500 501 601 600)
4(600 601 701 700)
4(700 701 801 800)
4(800 801 901 900)
4(1 8 10 5)
4(5 10 204 201)
4(201 204 304 301)
4(301 304 404 401)
4(401 404 504 501)
4(501 504 604 601)
4(601 604 704 701)
4(701 704 804 801)
4(801 804 904 901)
4(8 12 14 10)
4(10 14 206 204)
4(204 206 306 304)
4(304 306 406 404)
4(404 406 506 504)
4(504 506 606 604)
4(604 606 706 704)
4(704 706 806 804)
4(804 806 906 904)
4(12 16 18 14)
4(14 18 208 206)
4(206 208 308 306)
4(306 308 408 406)
4(406 408 508 506)
4(506 508 608 606)
4(606 608 708 706)
4(706 708 808 806)
4(806 808 908 906)
4(16 20 22 18)
4(18 22 210 208)
4(208 210 310 308)
4(308 310 410 408)
4(408 410 510 508)
4(508 510 610 608)
4(608 610 710 708)
4(708 710 810 808)
4(808 810 910 908)
4(20 24 26 22)
4(22 26 212 210)
4(210 212 312 310)
4(310 312 412 410)
4(410 412 512 510)
4(510 512 612 610)
4(610 612 712 710)
4(710 712 812 810)
4(810 812 912 910)
4(24 28 30 26)
4(26 30 214 212)
4(212 214 314 312)
4(312 314 414 412)
4(412 414 514 512)
4(512 514 614 612)
4(612 614 714 712)
4(712 714 814 812)
4(812 814 914 912)
4(28 32 34 30)
4(30 34 216 214)
4(214 216 316 314)
4(314 316 416 414)
4(414 416 516 514)
4(514 516 616 614)
4(614 616 716 714)
4(714 716 816 814)
4(814 816 916 914)
4(32 36 38 34)
4(34 38 218 216)
4(216 218 318 316)
4(316 318 418 416)
4(416 418 518 516)
4(516 518 618 616)
4(616 618 718 716)
4(716 718 818 816)
4(816 818 918 916)
4(180 182 183 181)
4(182 290 291 183)
4(290 390 391 291)
4(390 490 491 391)
4(490 590 591 491)
4(590 690 691 591)
4(690 790 791 691)
4(790 890 891 791)
4(890 990 991 891)
4(181 183 185 184)
4(183 291 292 185)
4(291 391 392 292)
4(391 491 492 392)
4(491 591 592 492)
4(591 691 692 592)
4(691 791 792 692)
4(791 891 892 792)
4(891 991 992 892)
4(184 185 187 186)
4(185 292 293 187)
4(292 392 393 293)
4(392 492 493 393)
4(492 592 593 493)
4(592 692 693 593)
4(692 792 793 693)
4(792 892 893 793)
4(892 992 993 893)
4(186 187 189 188)
4(187 293 294 189)
4(293 393 394 294)
4(393 493 494 394)
4(493 593 594 494)
4(593 693 694 594)
4(693 793 794 694)
4(793 893 894 794)
4(893 993 994 894)
4(188 189 191 190)
4(189 294 295 191)
4(294 394 395 295)
4(394 494 495 395)
4(494 594 595 495)
4(594 694 695 595)
4(694 794 795 695)
4(794 894 895 795)
4(894 994 995 895)
4(190 191 193 192)
4(191 295 296 193)
4(295 395 396 296)
4(395 495 496 396)
4(495 595 596 496)
4(595 695 696 596)
4(695 795 796 696)
4(795 895 896 796)
4(895 995 996 896)
4(192 193 195 194)
4(193 296 297 195)
4(296 396 397 297)
4(396 496 497 397)
4(496 596 597 497)
4(596 696 697 597)
4(696 796 797 697)
4(796 896 897 797)
4(896 996 997 897)
4(194 195 197 196)
4(195 297 298 197)
4(297 397 398 298)
4(397 497 498 398)
4(497 597 598 498)
4(597 697 698 598)
4(697 797 798 698)
4(797 897 898 798)
4(897 997 998 898)
4(196 197 199 198)
4(197 298 299 199)
4(298 398 399 299)
4(398 498 499 399)
4(498 598 599 499)
4(598 698 699 599)
4(698 798 799 699)
4(798 898 899 799)
4(898 998 999 899)
4(0 4 6 2)
4(4 200 202 6)
4(200 300 302 202)
4(300 400 402 302)
4(400 500 502 402)
4(500 600 602 502)
4(600 700 702 602)
4(700 800 802 702)
4(800 900 902 802)
4(2 6 42 40)
4(6 202 220 42)
4(202 302 320 220)
4(302 402 420 320)
4(402 502 520 420)
4(502 602 620 520)
4(602 702 720 620)
4(702 802 820 720)
4(802 902 920 820)
4(40 42 62 60)
4(42 220 230 62)
4(220 320 330 230)
4(320 420 430 330)
4(420 520 530 430)
4(520 620 630 530)
4(620 720 730 630)
4(720 820 830 730)
4(820 920 930 830)
4(60 62 82 80)
4(62 230 240 82)
4(230 330 340 240)
4(330 430 440 340)
4(430 530 540 440)
4(530 630 640 540)
4(630 730 740 640)
4(730 830 840 740)
4(830 930 940 840)
4(80 82 102 100)
4(82 240 250 102)
4(240 340 350 250)
4(340 440 450 350)
4(440 540 550 450)
4(540 640 650 550)
4(640 740 750 650)
4(740 840 850 750)
4(840 940 950 850)
4(100 102 122 120)
4(102 250 260 122)
4(250 350 360 260)
4(350 450 460 360)
4(450 550 560 460)
4(550 650 660 560)
4(650 750 760 660)
4(750 850 860 760)
4(850 950 960 860)
4(120 122 142 140)
4(122 260 270 142)
4(260 360 370 270)
4(360 460 470 370)
4(460 560 570 470)
4(560 660 670 570)
4(660 760 770 670)
4(760 860 870 770)
4(860 960 970 870)
4(140 142 162 160)
4(142 270 280 162)
4(270 370 380 280)
4(370 470 480 380)
4(470 570 580 480)
4(570 670 680 580)
4(670 770 780 680)
4(770 870 880 780)
4(870 970 980 880)
4(160 162 182 180)
4(162 280 290 182)
4(280 380 390 290)
4(380 480 490 390)
4(480 580 590 490)
4(580 680 690 590)
4(680 780 790 690)
4(780 880 890 790)
4(880 980 990 890)
4(36 37 39 38)
4(38 39 219 218)
4(218 219 319 318)
4(318 319 419 418)
4(418 419 519 518)
4(518 519 619 618)
4(618 619 719 718)
4(718 719 819 818)
4(818 819 919 918)
4(37 58 59 39)
4(39 59 229 219)
4(219 229 329 319)
4(319 329 429 419)
4(419 429 529 519)
4(519 529 629 619)
4(619 629 729 719)
4(719 729 829 819)
4(819 829 929 919)
4(58 78 79 59)
4(59 79 239 229)
4(229 239 339 329)
4(329 339 439 429)
4(429 439 539 529)
4(529 539 639 629)
4(629 639 739 729)
4(729 739 839 829)
4(829 839 939 929)
4(78 98 99 79)
4(79 99 249 239)
4(239 249 349 339)
4(339 349 449 439)
4(439 449 549 539)
4(539 549 649 639)
4(639 649 749 739)
4(739 749 849 839)
4(839 849 949 939)
4(98 118 119 99)
4(99 119 259 249)
4(249 259 359 349)
4(349 359 459 449)
4(449 459 559 549)
4(549 559 659 649)
4(649 659 759 749)
4(749 759 859 849)
4(849 859 959 949)
4(118 138 139 119)
4(119 139 269 259)
4(259 269 369 359)
4(359 369 469 459)
4(459 469 569 559)
4(559 569 669 659)
4(659 669 769 759)
4(759 769 869 859)
4(859 869 969 959)
4(138 158 159 139)
4(139 159 279 269)
4(269 279 379 369)
4(369 379 479 469)
4(469 479 579 569)
4(569 579 679 669)
4(669 679 779 769)
4(769 779 879 869)
4(869 879 979 969)
4(158 178 179 159)
4(159 179 289 279)
4(279 289 389 379)
4(379 389 489 479)
4(479 489 589 579)
4(579 589 689 679)
4(679 689 789 779)
4(779 789 889 879)
4(879 889 989 979)
4(178 198 199 179)
4(179 199 299 289)
4(289 299 399 389)
4(389 399 499 489)
4(489 499 599 589)
4(589 599 699 689)
4(689 699 799 789)
4(789 799 899 889)
4(889 899 999 989)
4(0 2 3 1)
4(900 901 903 902)
4(2 40 41 3)
4(902 903 921 920)
4(40 60 61 41)
4(920 921 931 930)
4(60 80 81 61)
4(930 931 941 940)
4(80 100 101 81)
4(940 941 951 950)
4(100 120 121 101)
4(950 951 961 960)
4(120 140 141 121)
4(960 961 971 970)
4(140 160 161 141)
4(970 971 981 980)
4(160 180 181 161)
4(980 981 991 990)
4(1 3 9 8)
4(901 904 905 903)
4(3 41 44 9)
4(903 905 922 921)
4(41 61 64 44)
4(921 922 932 931)
4(61 81 84 64)
4(931 932 942 941)
4(81 101 104 84)
4(941 942 952 951)
4(101 121 124 104)
4(951 952 962 961)
4(121 141 144 124)
4(961 962 972 971)
4(141 161 164 144)
4(971 972 982 981)
4(161 181 184 164)
4(981 982 992 991)
4(8 9 13 12)
4(904 906 907 905)
4(9 44 46 13)
4(905 907 923 922)
4(44 64 66 46)
4(922 923 933 932)
4(64 84 86 66)
4(932 933 943 942)
4(84 104 106 86)
4(942 943 953 952)
4(104 124 126 106)
4(952 953 963 962)
4(124 144 146 126)
4(962 963 973 972)
4(144 164 166 146)
4(972 973 983 982)
4(164 184 186 166)
4(982 983 993 992)
4(12 13 17 16)
4(906 908 909 907)
4(13 46 48 17)
4(907 909 924 923)
4(46 66 68 48)
4(923 924 934 933)
4(66 86 88 68)
4(933 934 944 943)
4(86 106 108 88)
4(943 944 954 953)
4(106 126 128 108)
4(953 954 964 963)
4(126 146 148 128)
4(963 964 974 973)
4(146 166 168 148)
4(973 974 984 983)
4(166 186 188 168)
4(983 984 994 993)
4(16 17 21 20)
4(908 910 911 909)
4(17 48 50 21)
4(909 911 925 924)
4(48 68 70 50)
4(924 925 935 934)
4(68 88 90 70)
4(934 935 945 944)
4(88 108 110 90)
4(944 945 955 954)
4(108 128 130 110)
4(954 955 965 964)
4(128 148 150 130)
4(964 965 975 974)
4(148 168 170 150)
4(974 975 985 984)
4(168 188 190 170)
4(984 985 995 994)
4(20 21 25 24)
4(910 912 913 911)
4(21 50 52 25)
4(911 913 926 925)
4(50 70 72 52)
4(925 926 936 935)
4(70 90 92 72)
4(935 936 946 945)
4(90 110 112 92)
4(945 946 956 955)
4(110 130 132 112)
4(955 956 966 965)
4(130 150 152 132)
4(965 966 976 975)
4(150 170 172 152)
4(975 976 986 985)
4(170 190 192 172)
4(985 986 996 995)
4(24 25 29 28)
4(912 914 915 913)
4(25 52 54 29)
4(913 915 927 926)
4(52 72 74 54)
4(926 927 937 936)
4(72 92 94 74)
4(936 937 947 946)
4(92 112 114 94)
4(946 947 957 956)
4(112 132 134 114)
4(956 957 967 966)
4(132 152 154 134)
4(966 967 977 976)
4(152 172 174 154)
4(976 977 987 986)
4(172 192 194 174)
4(986 987 997 996)
4(28 29 33 32)
4(914 916 917 915)
4(29 54 56 33)
4(915 917 928 927)
4(54 74 76 56)
4(927 928 938 937)
4(74 94 96 76)
4(937 938 948 947)
4(94 114 116 96)
4(947 948 958 957)
4(114 134 136 116)
4(957 958 968 967)
4(134 154 156 136)
4(967 968 978 977)
4(154 174 176 156)
4(977 978 988 987)
4(174 194 196 176)
4(987 988 998 997)
4(32 33 37 36)
4(916 918 919 917)
4(33 56 58 37)
4(917 919 929 928)
4(56 76 78 58)
4(928 929 939 938)
4(76 96 98 78)
4(938 939 949 948)
4(96 116 118 98)
4(948 949 959 958)
4(116 136 138 118)
4(958 959 969 968)
4(136 156 158 138)
4(968 969 979 978)
4(156 176 178 158)
4(978 979 989 988)
4(176 196 198 178)
4(988 989 999 998)
)


// ************************************************************************* //
