/*--------------------------------*- C++ -*----------------------------------*\
  =========                 |
  \\      /  F ield         | OpenFOAM: The Open Source CFD Toolbox
   \\    /   O peration     | Website:  https://openfoam.org
    \\  /    A nd           | Version:  11
     \\/     M anipulation  |
\*---------------------------------------------------------------------------*/
FoamFile
{
    format      ascii;
    class       labelList;
    note        "nPoints: 1000 nCells: 729 nFaces: 2430 nInternalFaces: 1944";
    location    "constant/polyMesh";
    object      neighbour;
}
// * * * * * * * * * * * * * * * * * * * * * * * * * * * * * * * * * * * * * //


1944
(
1
9
81
2
10
82
3
11
83
4
12
84
5
13
85
6
14
86
7
15
87
8
16
88
17
89
10
18
90
11
19
91
12
20
92
13
21
93
14
22
94
15
23
95
16
24
96
17
25
97
26
98
19
27
99
20
28
100
21
29
101
22
30
102
23
31
103
24
32
104
25
33
105
26
34
106
35
107
28
36
108
29
37
109
30
38
110
31
39
111
32
40
112
33
41
113
34
42
114
35
43
115
44
116
37
45
117
38
46
118
39
47
119
40
48
120
41
49
121
42
50
122
43
51
123
44
52
124
53
125
46
54
126
47
55
127
48
56
128
49
57
129
50
58
130
51
59
131
52
60
132
53
61
133
62
134
55
63
135
56
64
136
57
65
137
58
66
138
59
67
139
60
68
140
61
69
141
62
70
142
71
143
64
72
144
65
73
145
66
74
146
67
75
147
68
76
148
69
77
149
70
78
150
71
79
151
80
152
73
153
74
154
75
155
76
156
77
157
78
158
79
159
80
160
161
82
90
162
83
91
163
84
92
164
85
93
165
86
94
166
87
95
167
88
96
168
89
97
169
98
170
91
99
171
92
100
172
93
101
173
94
102
174
95
103
175
96
104
176
97
105
177
98
106
178
107
179
100
108
180
101
109
181
102
110
182
103
111
183
104
112
184
105
113
185
106
114
186
107
115
187
116
188
109
117
189
110
118
190
111
119
191
112
120
192
113
121
193
114
122
194
115
123
195
116
124
196
125
197
118
126
198
119
127
199
120
128
200
121
129
201
122
130
202
123
131
203
124
132
204
125
133
205
134
206
127
135
207
128
136
208
129
137
209
130
138
210
131
139
211
132
140
212
133
141
213
134
142
214
143
215
136
144
216
137
145
217
138
146
218
139
147
219
140
148
220
141
149
221
142
150
222
143
151
223
152
224
145
153
225
146
154
226
147
155
227
148
156
228
149
157
229
150
158
230
151
159
231
152
160
232
161
233
154
234
155
235
156
236
157
237
158
238
159
239
160
240
161
241
242
163
171
243
164
172
244
165
173
245
166
174
246
167
175
247
168
176
248
169
177
249
170
178
250
179
251
172
180
252
173
181
253
174
182
254
175
183
255
176
184
256
177
185
257
178
186
258
179
187
259
188
260
181
189
261
182
190
262
183
191
263
184
192
264
185
193
265
186
194
266
187
195
267
188
196
268
197
269
190
198
270
191
199
271
192
200
272
193
201
273
194
202
274
195
203
275
196
204
276
197
205
277
206
278
199
207
279
200
208
280
201
209
281
202
210
282
203
211
283
204
212
284
205
213
285
206
214
286
215
287
208
216
288
209
217
289
210
218
290
211
219
291
212
220
292
213
221
293
214
222
294
215
223
295
224
296
217
225
297
218
226
298
219
227
299
220
228
300
221
229
301
222
230
302
223
231
303
224
232
304
233
305
226
234
306
227
235
307
228
236
308
229
237
309
230
238
310
231
239
311
232
240
312
233
241
313
242
314
235
315
236
316
237
317
238
318
239
319
240
320
241
321
242
322
323
244
252
324
245
253
325
246
254
326
247
255
327
248
256
328
249
257
329
250
258
330
251
259
331
260
332
253
261
333
254
262
334
255
263
335
256
264
336
257
265
337
258
266
338
259
267
339
260
268
340
269
341
262
270
342
263
271
343
264
272
344
265
273
345
266
274
346
267
275
347
268
276
348
269
277
349
278
350
271
279
351
272
280
352
273
281
353
274
282
354
275
283
355
276
284
356
277
285
357
278
286
358
287
359
280
288
360
281
289
361
282
290
362
283
291
363
284
292
364
285
293
365
286
294
366
287
295
367
296
368
289
297
369
290
298
370
291
299
371
292
300
372
293
301
373
294
302
374
295
303
375
296
304
376
305
377
298
306
378
299
307
379
300
308
380
301
309
381
302
310
382
303
311
383
304
312
384
305
313
385
314
386
307
315
387
308
316
388
309
317
389
310
318
390
311
319
391
312
320
392
313
321
393
314
322
394
323
395
316
396
317
397
318
398
319
399
320
400
321
401
322
402
323
403
404
325
333
405
326
334
406
327
335
407
328
336
408
329
337
409
330
338
410
331
339
411
332
340
412
341
413
334
342
414
335
343
415
336
344
416
337
345
417
338
346
418
339
347
419
340
348
420
341
349
421
350
422
343
351
423
344
352
424
345
353
425
346
354
426
347
355
427
348
356
428
349
357
429
350
358
430
359
431
352
360
432
353
361
433
354
362
434
355
363
435
356
364
436
357
365
437
358
366
438
359
367
439
368
440
361
369
441
362
370
442
363
371
443
364
372
444
365
373
445
366
374
446
367
375
447
368
376
448
377
449
370
378
450
371
379
451
372
380
452
373
381
453
374
382
454
375
383
455
376
384
456
377
385
457
386
458
379
387
459
380
388
460
381
389
461
382
390
462
383
391
463
384
392
464
385
393
465
386
394
466
395
467
388
396
468
389
397
469
390
398
470
391
399
471
392
400
472
393
401
473
394
402
474
395
403
475
404
476
397
477
398
478
399
479
400
480
401
481
402
482
403
483
404
484
485
406
414
486
407
415
487
408
416
488
409
417
489
410
418
490
411
419
491
412
420
492
413
421
493
422
494
415
423
495
416
424
496
417
425
497
418
426
498
419
427
499
420
428
500
421
429
501
422
430
502
431
503
424
432
504
425
433
505
426
434
506
427
435
507
428
436
508
429
437
509
430
438
510
431
439
511
440
512
433
441
513
434
442
514
435
443
515
436
444
516
437
445
517
438
446
518
439
447
519
440
448
520
449
521
442
450
522
443
451
523
444
452
524
445
453
525
446
454
526
447
455
527
448
456
528
449
457
529
458
530
451
459
531
452
460
532
453
461
533
454
462
534
455
463
535
456
464
536
457
465
537
458
466
538
467
539
460
468
540
461
469
541
462
470
542
463
471
543
464
472
544
465
473
545
466
474
546
467
475
547
476
548
469
477
549
470
478
550
471
479
551
472
480
552
473
481
553
474
482
554
475
483
555
476
484
556
485
557
478
558
479
559
480
560
481
561
482
562
483
563
484
564
485
565
566
487
495
567
488
496
568
489
497
569
490
498
570
491
499
571
492
500
572
493
501
573
494
502
574
503
575
496
504
576
497
505
577
498
506
578
499
507
579
500
508
580
501
509
581
502
510
582
503
511
583
512
584
505
513
585
506
514
586
507
515
587
508
516
588
509
517
589
510
518
590
511
519
591
512
520
592
521
593
514
522
594
515
523
595
516
524
596
517
525
597
518
526
598
519
527
599
520
528
600
521
529
601
530
602
523
531
603
524
532
604
525
533
605
526
534
606
527
535
607
528
536
608
529
537
609
530
538
610
539
611
532
540
612
533
541
613
534
542
614
535
543
615
536
544
616
537
545
617
538
546
618
539
547
619
548
620
541
549
621
542
550
622
543
551
623
544
552
624
545
553
625
546
554
626
547
555
627
548
556
628
557
629
550
558
630
551
559
631
552
560
632
553
561
633
554
562
634
555
563
635
556
564
636
557
565
637
566
638
559
639
560
640
561
641
562
642
563
643
564
644
565
645
566
646
647
568
576
648
569
577
649
570
578
650
571
579
651
572
580
652
573
581
653
574
582
654
575
583
655
584
656
577
585
657
578
586
658
579
587
659
580
588
660
581
589
661
582
590
662
583
591
663
584
592
664
593
665
586
594
666
587
595
667
588
596
668
589
597
669
590
598
670
591
599
671
592
600
672
593
601
673
602
674
595
603
675
596
604
676
597
605
677
598
606
678
599
607
679
600
608
680
601
609
681
602
610
682
611
683
604
612
684
605
613
685
606
614
686
607
615
687
608
616
688
609
617
689
610
618
690
611
619
691
620
692
613
621
693
614
622
694
615
623
695
616
624
696
617
625
697
618
626
698
619
627
699
620
628
700
629
701
622
630
702
623
631
703
624
632
704
625
633
705
626
634
706
627
635
707
628
636
708
629
637
709
638
710
631
639
711
632
640
712
633
641
713
634
642
714
635
643
715
636
644
716
637
645
717
638
646
718
647
719
640
720
641
721
642
722
643
723
644
724
645
725
646
726
647
727
728
649
657
650
658
651
659
652
660
653
661
654
662
655
663
656
664
665
658
666
659
667
660
668
661
669
662
670
663
671
664
672
665
673
674
667
675
668
676
669
677
670
678
671
679
672
680
673
681
674
682
683
676
684
677
685
678
686
679
687
680
688
681
689
682
690
683
691
692
685
693
686
694
687
695
688
696
689
697
690
698
691
699
692
700
701
694
702
695
703
696
704
697
705
698
706
699
707
700
708
701
709
710
703
711
704
712
705
713
706
714
707
715
708
716
709
717
710
718
719
712
720
713
721
714
722
715
723
716
724
717
725
718
726
719
727
728
721
722
723
724
725
726
727
728
)


// ************************************************************************* //
